30 1 100102  0721 0746 0723 S29W37SFE       24                     LEAR3        11039 091230.5 00010
31403100102  0721 0746 0723 S29W37SFE       24                     LEAR3        11039 091230.5 00010
30 1 100102  0803 0811 0803 S29W37SFE       10                     LEAR3        11039 091230.5 00020
31403100102  0803 0811 0803 S29W37SFE       10                     LEAR3        11039 091230.5 00020
30 1 100102  0905 0914 0906 S29W39SFE       30                     LEAR3        11039 091230.4 00030
31403100102  0905 0914 0906 S29W39SFE       30                     LEAR3        11039 091230.4 00030
30 1 100102  0915 0921 0917 S29W38SFE       94                     LEAR3        11039 091230.5 00040
31403100102  0915 0921 0917 S29W38SFE       94                     LEAR3        11039 091230.5 00040
30 1 100102  2241 2259 2246 S27W44SFE       36                     HOLL3FU      11039 091230.6 00050
31649100102  2241 2259 2246 S27W44SFE       36                     HOLL3UF      11039 091230.6 00050
30 1 100102  2301 0000D2312 S32W481FE      121                     HOLL3FH      11039 091230.2 00060
31649100102  2301     D2312 S32W481FE      121                     HOLL3FH      11039 091230.2 00060
30 1 100103  0120 0155 0121 S30W521NE      100                     LEAR3E       11039 091230.1 00070
31403100103  0120 0155 0121 S30W521NE      100                     LEAR3E       11039 091230.1 00070
30 1 100103  1601 1611 1601 S27W58SFE       18                     HOLL3F       11039 091230.2 00080
31649100103  1601 1611 1601 S27W58SFE       18                     HOLL3F       11039 091230.2 00080
30 1 100103  2047 2051 2047 S27W61SFE       10                     HOLL3        11039 091230.2 00090
31649100103  2047 2051 2047 S27W61SFE       10                     HOLL3        11039 091230.2 00090
30 1 100104  0339 0346 0342 S29W65SFE       52                     LEAR3        11039 091230.1 00100
31403100104  0339 0346 0342 S29W65SFE       52                     LEAR3        11039 091230.1 00100
30 1 100110  0009 0011 0009 N30E39SFE       15                     LEAR2        11040 100113.1 00110
31403100110  0009 0011 0009 N30E39SFE       15                     LEAR2        11040 100113.1 00110
30 1 100110  0115 0128 0119 N30E39SFE       28                     LEAR3        11040 100113.1 00120
31403100110  0115 0128 0119 N30E39SFE       28                     LEAR3        11040 100113.1 00120
30 1 100110  0129 0147 0130 N30E39SFE       11                     LEAR3        11040 100113.1 00130
31403100110  0129 0147 0130 N30E39SFE       11                     LEAR3        11040 100113.1 00130
30 1 100110  0152 0319 0242 N30E34SFE       16                     LEAR3        11040 100112.7 00140
31403100110  0152 0319 0242 N30E34SFE       16                     LEAR3        11040 100112.7 00140
30 1 100110  0321 0331 0327 N30E34SFE       14                     LEAR3        11040 100112.8 00150
31403100110  0321 0331 0327 N30E34SFE       14                     LEAR3        11040 100112.8 00150
30 1 100114  0115 0144 0119 N26W18SFE       38                     LEAR3        11040 100112.6 00160
31403100114  0115 0144 0119 N26W18SFE       38                     LEAR3        11040 100112.6 00160
30 1 100114  0338E0354 0338 N26W19SFE       23                     LEAR3E       11040 100112.7 00170
31403100114  0338E0354 0338 N26W19SFE       23                     LEAR3E       11040 100112.7 00170
30 1 100118  0040 0044 0041 N28W70SFE       14                     LEAR3        11040 100112.5 00180
31403100118  0040 0044 0041 N28W70SFE       14                     LEAR3        11040 100112.5 00180
30 1 100119  0128 0132 0130 N24W88SFE       45                     LEAR3        11040 100112.3 00190
31403100119  0128 0132 0130 N24W88SFE       45                     LEAR3        11040 100112.3 00190
30 1 100119  2314 2324 2321 S25E924FE                              LEAR3        11041 100127.1 00200
31403100119  2314 2324 2321 S25E924FE                              LEAR3        11041 100127.1 00200
30 1 100119  2326 2330 2326 S27E884FE                              LEAR3        11041 100126.8 00210
31403100119  2326 2330 2326 S27E884FE                              LEAR3        11041 100126.8 00210
30 1 100119  2333 2348 2334 S25E924FE                              LEAR3        11041 100127.1 00220
31403100119  2333 2348 2334 S25E924FE                              LEAR3        11041 100127.1 00220
30 1 100120  0702 0715 0706 S25E92SFE       54                     LEAR3        11041 100127.4 00230
31403100120  0702 0715 0706 S25E92SFE       54                     LEAR3        11041 100127.4 00230
30 1 100120  0728 0735 0728 S24E87SFE       25                     LEAR3        11041 100127.0 00240
31403100120  0728 0735 0728 S24E87SFE       25                     LEAR3        11041 100127.0 00240
30 1 100120  0742 0758 0756 S24E88SFE       22                     LEAR3EY      11041 100127.1 00250
31403100120  0742 0758 0756 S24E88SFE       22                     LEAR3YE      11041 100127.1 00250
30 1 100120  0817 0824 0821 S24E88SFE       18                     LEAR3        11041 100127.1 00260
31403100120  0817 0824 0821 S24E88SFE       18                     LEAR3        11041 100127.1 00260
30 1 100120  0923 0929 0923 S24E88SFE       14                     LEAR3        11041 100127.2 00270
31403100120  0923 0929 0923 S24E88SFE       14                     LEAR3        11041 100127.2 00270
30 1 100120  1731 1737 1731 S26E83SFE       45                     HOLL3        11041 100127.2 00280
31649100120  1731 1737 1731 S26E83SFE       45                     HOLL3        11041 100127.2 00280
30 1 100120  1753 1810 1755 S26E81SFE       70                     HOLL3H       11041 100127.0 00290
31649100120  1753 1810 1755 S26E81SFE       70                     HOLL3H       11041 100127.0 00290
30 1 100121  0119 0125 0121 S24E79SFE       33                     LEAR3E       11041 100127.1 00300
31403100121  0119 0125 0121 S24E79SFE       33                     LEAR3E       11041 100127.1 00300
30 1 100121  0321 0327 0324 S25E75SFE       21                     LEAR3        11041 100127.0 00310
31403100121  0321 0327 0324 S25E75SFE       21                     LEAR3        11041 100127.0 00310
30 1 100130  2306 2311D2310 N25E36SFE       12                     HOLL3EH      11043 1002 2.7 00320
31649100130  2306 2311D2310 N25E36SFE       12                     HOLL3EH      11043 1002 2.7 00320
30 1 100131  0151 0201 0154 N25E35SFE       14                     LEAR3        11043 1002 2.8 00330
31403100131  0151 0201 0154 N25E35SFE       14                     LEAR3        11043 1002 2.8 00330
30 1 100131  0500 0514 0502 N25E33SFE       18                     LEAR3        11043 1002 2.8 00340
31403100131  0500 0514 0502 N25E33SFE       18                     LEAR3        11043 1002 2.8 00340
30 1 100206  1534 1600 1536 N21E17SFE       19                     HOLL3        11045 1002 7.9 00010
31649100206  1534 1600 1536 N21E17SFE       19                     HOLL3        11045 1002 7.9 00010
30 1 100206  1619 1637 1626 N22E18SFE       10                     HOLL3        11045 1002 8.1 00020
31649100206  1619 1637 1626 N22E18SFE       10                     HOLL3        11045 1002 8.1 00020
30 1 100206  1852 1933 1903 N21E17SNE       54                     HOLL3EF      11045 1002 8.1 00030
31649100206  1852 1933 1903 N21E17SNE       54                     HOLL3FE      11045 1002 8.1 00030
30 1 100206  2229 2236 2229 N22E12SFE       12                     HOLL3        11045 1002 7.8 00040
31649100206  2229 2236 2229 N22E12SFE       12                     HOLL3        11045 1002 7.8 00040
30 1 100206  2249 2323D2259 N22E15SFE       40                     HOLL2        11045 1002 8.1 00050
31649100206  2249 2323D2259 N22E15SFE       40                     HOLL2        11045 1002 8.1 00050
30 1 100207  0159 0212 0204 N20E09SFE       20                     LEAR3E       11045 1002 7.8 00060
31403100207  0159 0212 0204 N20E09SFE       20                     LEAR3E       11045 1002 7.8 00060
30 1 100207  0222 0303 0232 N21E101NE      157                     LEAR3EF      11045 1002 7.9 00070
31403100207  0222 0303 0232 N21E101NE      157                     LEAR3FE      11045 1002 7.9 00070
30 1 100207  0439 0516 0452 N20E071FE      196                     LEAR3EH      11045 1002 7.7 00080
31403100207  0439 0516 0452 N20E071FE      196                     LEAR3EH      11045 1002 7.7 00080
30 1 100207  0621 0635 0632 N21E08SFE       13                     LEAR3        11045 1002 7.9 00090
31403100207  0621 0635 0632 N21E08SFE       13                     LEAR3        11045 1002 7.9 00090
30 1 100207  0647 0651 0648 N21E08SFE       22                     LEAR3        11045 1002 7.9 00100
31403100207  0647 0651 0648 N21E08SFE       22                     LEAR3        11045 1002 7.9 00100
30 1 100207  0801 0809 0804 N21E07SFE       44                     LEAR3        11045 1002 7.9 00110
31403100207  0801 0809 0804 N21E07SFE       44                     LEAR3        11045 1002 7.9 00110
30 1 100207  1833 1844 1835 N22E04SFE       35                     HOLL3FH      11045 1002 8.1 00120
31649100207  1833 1844 1835 N22E04SFE       35                     HOLL3FH      11045 1002 8.1 00120
30 1 100207  2113 2155 2116 N22E02SFE       45                     HOLL3FH      11045 1002 8.0 00130
31649100207  2113 2155 2116 N22E02SFE       45                     HOLL3FH      11045 1002 8.0 00130
30 1 100208  0015 0022 0016 N22E02SFE       16                     LEAR3F       11045 1002 8.2 00140
31403100208  0015 0022 0016 N22E02SFE       16                     LEAR3F       11045 1002 8.2 00140
30 1 100208  0129 0136 0131 N21E01SFE       24                     LEAR3        11045 1002 8.1 00150
31403100208  0129 0136 0131 N21E01SFE       24                     LEAR3        11045 1002 8.1 00150
30 1 100208  0236 0245 0237 N22W01SFE       14                     LEAR3        11045 1002 8.0 00160
31403100208  0236 0245 0237 N22W01SFE       14                     LEAR3        11045 1002 8.0 00160
30 1 100208  0248 0251 0249 N22E00SFE       13                     LEAR3        11045 1002 8.1 00170
31403100208  0248 0251 0249 N22E00SFE       13                     LEAR3        11045 1002 8.1 00170
30 1 100208  0315 0336 0317 N23E00SFE       20                     LEAR3F       11045 1002 8.1 00180
31403100208  0315 0336 0317 N23E00SFE       20                     LEAR3F       11045 1002 8.1 00180
30 1 100208  0338 0345 0343 N22E01SFE       16                     LEAR3        11045 1002 8.2 00190
31403100208  0338 0345 0343 N22E01SFE       16                     LEAR3        11045 1002 8.2 00190
30 1 100208  0355 0402 0356 N25E00SFE       44                     LEAR3F       11045 1002 8.2 00200
31403100208  0355 0402 0356 N25E00SFE       44                     LEAR3F       11045 1002 8.2 00200
30 1 100208  0411 0444 0414 N21W01SFE       54                     LEAR3        11045 1002 8.1 00210
31403100208  0411 0444 0414 N21W01SFE       54                     LEAR3        11045 1002 8.1 00210
30 1 100208  0516 0556 0516 N21W011FE      112                     LEAR3        11045 1002 8.1 00220
31403100208  0516 0556 0516 N21W011FE      112                     LEAR3        11045 1002 8.1 00220
30 1 100208  0557 0625 0607 N21W01SFE       87                     LEAR3        11045 1002 8.2 00230
31403100208  0557 0625 0607 N21W01SFE       87                     LEAR3        11045 1002 8.2 00230
30 1 100208  0627 0644 0635 N21W02SFE       45                     LEAR3        11045 1002 8.1 00240
31403100208  0627 0644 0635 N21W02SFE       45                     LEAR3        11045 1002 8.1 00240
30 1 100208  0700 0708 0701 N21W03SFE       31                     LEAR3        11045 1002 8.1 00250
31403100208  0700 0708 0701 N21W03SFE       31                     LEAR3        11045 1002 8.1 00250
30 1 100208  0955 0958 0957 N21W06SFE                              KANZ2        11045 1002 7.9 00260
31547100208  0955 0958 0957 N21W06SFE                              KANZ2        11045 1002 7.9 00260
30 1 100208  1343 1353 1346 N21W061FE                              KANZ2        11045 1002 8.1 00270
31547100208  1343 1353 1346 N21W061FE                              KANZ2        11045 1002 8.1 00270
30 1 100208  1501 1533 1507 N22W08SFE       27                     HOLL3FH      11045 1002 8.0 00280
31649100208  1501 1533 1507 N22W08SFE       27                     HOLL3FH      11045 1002 8.0 00280
30 1 100208  1535 1609 1550 N22W08SFE       25                     HOLL3FH      11045 1002 8.0 00290
31649100208  1535 1609 1550 N22W08SFE       25                     HOLL3FH      11045 1002 8.0 00290
30 1 100208  1655 1709 1705 N22W09SFE       21                     HOLL3FH      11045 1002 8.0 00300
31649100208  1655 1709 1705 N22W09SFE       21                     HOLL3FH      11045 1002 8.0 00300
30 1 100208  1726 1736 1726 N23W08SFE       13                     HOLL3FH      11045 1002 8.1 00310
31649100208  1726 1736 1726 N23W08SFE       13                     HOLL3FH      11045 1002 8.1 00310
30 1 100208  1806 1825 1809 N21W09SFE       50                     HOLL3FH      11045 1002 8.1 00320
31649100208  1806 1825 1809 N21W09SFE       50                     HOLL3FH      11045 1002 8.1 00320
30 1 100208  1831 1850 1840 N22W09SFE       18                     HOLL3FH      11045 1002 8.1 00330
31649100208  1831 1850 1840 N22W09SFE       18                     HOLL3FH      11045 1002 8.1 00330
30 1 100208  1906 1919 1910 N22W10SFE       35                     HOLL3FH      11045 1002 8.0 00340
31649100208  1906 1919 1910 N22W10SFE       35                     HOLL3FH      11045 1002 8.0 00340
30 1 100208  2121 2140 2122 N23W12SNE       70                     HOLL3FH      11045 1002 8.0 00350
31649100208  2121 2140 2122 N23W12SNE       70                     HOLL3FH      11045 1002 8.0 00350
30 1 100208  2155 2205 2158 N22W11SFE       18                     HOLL3F       11045 1002 8.1 00360
31649100208  2155 2205 2158 N22W11SFE       18                     HOLL3F       11045 1002 8.1 00360
30 1 100209  0119 0144 0123 N22W13SFE       52                     LEAR3        11045 1002 8.0 00370
31403100209  0119 0144 0123 N22W13SFE       52                     LEAR3        11045 1002 8.0 00370
30 1 100209  0412 0430 0417 N21W17SFE       66                     LEAR3F       11045 1002 7.9 00380
31403100209  0412 0430 0417 N21W17SFE       66                     LEAR3F       11045 1002 7.9 00380
30 1 100209  0816 0820 0817 N21W20SFE       10                     LEAR3        11045 1002 7.8 00390
31403100209  0816 0820 0817 N21W20SFE       10                     LEAR3        11045 1002 7.8 00390
30 1 100209  0847 0856 0847 N22W18SFE       17                     LEAR3F       11045 1002 8.0 00400
31403100209  0847 0856 0847 N22W18SFE       17                     LEAR3F       11045 1002 8.0 00400
30 1 100209  1128 1135 1130 N21W20SFE                              KANZ2        11045 1002 7.9 00410
31547100209  1128 1135 1130 N21W20SFE                              KANZ2        11045 1002 7.9 00410
30 1 100210  0613 0618 0614 N20W28SFE       15                     LEAR3        11045 1002 8.1 00420
31403100210  0613 0618 0614 N20W28SFE       15                     LEAR3        11045 1002 8.1 00420
30 1 100210  0710 0715 0712 N20W29SFE       24                     LEAR3        11045 1002 8.1 00430
31403100210  0710 0715 0712 N20W29SFE       24                     LEAR3        11045 1002 8.1 00430
30 2 100210  150561524 15125N22W32SF        41                          F       11045 1002 8.2 00440
31649100210  1505 1528 1517 N22W33SFE       62                     HOLL3        11045 1002 8.1 00440
31526100210  1511 1521 1512 N21W32SFE       20                     SVTO3F       11045 1002 8.2 00440
30 1 100211  0150 0155 0151 N21W39SFE       20                     LEAR3F       11045 1002 8.1 00450
31403100211  0150 0155 0151 N21W39SFE       20                     LEAR3F       11045 1002 8.1 00450
30 1 100211  1511 1519 1512 N23E19SFE       21                     HOLL3        11046 100213.1 00460
31649100211  1511 1519 1512 N23E19SFE       21                     HOLL3        11046 100213.1 00460
30 1 100211  1930 1951 1939 N23E17SFE       18                     HOLL3F       11046 100213.1 00470
31649100211  1930 1951 1939 N23E17SFE       18                     HOLL3F       11046 100213.1 00470
30 2 100212  0722 0737 0724 N24E131N        90                          F       11046 100213.3 00480
31403100212  0722 0737 0724 N24E131NE      121                     LEAR3        11046 100213.3 00480
31526100212  0723E0734D0724UN25E13SFE       60                     SVTO3F       11046 100213.3 00480
30 1 100212  0941 0949 0941 N22E07SFE       39                     LEAR3        11046 100212.9 00490
31403100212  0941 0949 0941 N22E07SFE       39                     LEAR3        11046 100212.9 00490
30 1 100212  1127E1140D1127UN26E111NE      119                     SVTO2H       11046 100213.3 00500
31526100212  1127E1140D1127UN26E111NE      119                     SVTO2H       11046 100213.3 00500
30 1 100212  1759 1841 1807 N28W532FE      269                     HOLL3FH      11045 1002 8.6 00510
31649100212  1759 1841 1807 N28W532FE      269                     HOLL3FH      11045 1002 8.6 00510
30 1 100212  2049 2059 2052 N22E01SFE       27                     HOLL3FH      11046 100212.9 00520
31649100212  2049 2059 2052 N22E01SFE       27                     HOLL3FH      11046 100212.9 00520
30 1 100212  2237 2254 2243 N25W56SFE       54                     HOLL3F       11045 1002 8.6 00530
31649100212  2237 2254 2243 N25W56SFE       54                     HOLL3F       11045 1002 8.6 00530
30 1 100212  2355 0031      N23W60SFE       27                     LEAR3        11045 1002 8.4 00540
31403100212  2355 0031      N23W60SFE       27                     LEAR3        11045 1002 8.4 00540
30 1 100213  0143 0147 0143 N25E02SFE       22                     LEAR3E       11046 100213.2 00550
31403100213  0143 0147 0143 N25E02SFE       22                     LEAR3E       11046 100213.2 00550
30 1 100213  2001 2009 2003 N25W13SFE       28                     HOLL3F       11046 100212.8 00560
31649100213  2001 2009 2003 N25W13SFE       28                     HOLL3F       11046 100212.8 00560
30 2 100213  232822336 23311N24W05SF        11                                  11046 100213.6 00570
31403100213  2330 2335 2331 N24W06SFE       12                     LEAR3        11046 100213.5 00570
31649100213  2328 2336 2332 N25W04SFE       10                     HOLL3        11046 100213.7 00570
30 1 100301  2357 0005 2358 N24E37SFE       13                     LEAR3        11043 1003 4.8 00010
31403100301  2357 0005 2358 N24E37SFE       13                     LEAR3        11043 1003 4.8 00010
30 1 100304  2134 2138 2135 S16W67SFE       12                     HOLL3FH      11052 100227.9 00020
31649100304  2134 2138 2135 S16W67SFE       12                     HOLL3FH      11052 100227.9 00020
30 1 100306  0107 0109 0107 S22W93SFE       10                     LEAR2        11053 100227.0 00030
31403100306  0107 0109 0107 S22W93SFE       10                     LEAR2        11053 100227.0 00030
30 1 100311  2038 2042 2039 N12E47SFE       11                     HOLL3FH      11054 100315.4 00040
31649100311  2038 2042 2039 N12E47SFE       11                     HOLL3FH      11054 100315.4 00040
30 1 100312  1815 1847 1825 N13E33SFE       38                     HOLL3        11054 100315.2 00050
31649100312  1815 1847 1825 N13E33SFE       38                     HOLL3        11054 100315.2 00050
30 1 100313  0246 0252 0246 N13E27SFE       11                     LEAR2E       11054 100315.1 00060
31403100313  0246 0252 0246 N13E27SFE       11                     LEAR2E       11054 100315.1 00060
30 1 100313  0259 0303 0259 N13E27SFE       16                     LEAR2E       11054 100315.2 00070
31403100313  0259 0303 0259 N13E27SFE       16                     LEAR2E       11054 100315.2 00070
30 1 100313  0305 0308 0305 N14E27SFE       10                     LEAR2        11054 100315.2 00080
31403100313  0305 0308 0305 N14E27SFE       10                     LEAR2        11054 100315.2 00080
30 2 100313  233510036 23401N14E16SF        18                          EFU     11054 100315.2 00090
31403100313  2335 0039 2340 N13E17SFE       19                     LEAR2FE      11054 100315.3 00090
31649100313  2336 0033 2341 N14E15SFE       17                     HOLL3UF      11054 100315.1 00090
30 1 100314  0419 0428 0420 N13E15SFE       42                     LEAR3E       11054 100315.3 00100
31403100314  0419 0428 0420 N13E15SFE       42                     LEAR3E       11054 100315.3 00100
30 1 100314  0523 0529 0525 N13E11SFE       12                     LEAR2        11054 100315.0 00110
31403100314  0523 0529 0525 N13E11SFE       12                     LEAR2        11054 100315.0 00110
30 1 100314  0654 0703 0701 N14E14SFE       21                     LEAR2        11054 100315.3 00120
31403100314  0654 0703 0701 N14E14SFE       21                     LEAR2        11054 100315.3 00120
30 1 100318  2305 2316 2308 N19W57SFE       22                     HOLL3        11054 100314.6 00130
31649100318  2305 2316 2308 N19W57SFE       22                     HOLL3        11054 100314.6 00130
30 1 100319  0833 0837 0833 N15W61SFE       14                     LEAR3        11054 100314.7 00140
31403100319  0833 0837 0833 N15W61SFE       14                     LEAR3        11054 100314.7 00140
30 2 100320  231112324 2312*N17E06SF        27                          H       11056 100321.4 00150
31403100320  2311 2323 2312 N17E06SFE       44                     LEAR3        11056 100321.4 00150
31649100320  2312 2325 2322 N17E06SFE       10                     HOLL3H       11056 100321.4 00150
30 1 100321  0122 0127 0123 N18E04SFE       11                     LEAR2        11056 100321.4 00160
31403100321  0122 0127 0123 N18E04SFE       11                     LEAR2        11056 100321.4 00160
30 1 100321  0903 0926D0907UN18E00SFE       69                     LEAR1        11056 100321.4 00170
31403100321  0903 0926D0907UN18E00SFE       69                     LEAR1        11056 100321.4 00170
30 1 100325  1409 1427 1416 N16E49SFE       12                     HOLL3        11057 100329.3 00180
31649100325  1409 1427 1416 N16E49SFE       12                     HOLL3        11057 100329.3 00180
30 1 100327  0756 0810 0756 N15E27SFE       47                     LEAR3E       11057 100329.4 00190
31403100327  0756 0810 0756 N15E27SFE       47                     LEAR3E       11057 100329.4 00190
30 1 100327  1005E1017U1013EN14E26SFE                              KANZ2        11057 100329.4 00200
31547100327  1005E1017U1013EN14E26SFE                              KANZ2        11057 100329.4 00200
30 1 100327  1826 1838 1828 N14E22SFE       51                     HOLL3        11057 100329.4 00210
31649100327  1826 1838 1828 N14E22SFE       51                     HOLL3        11057 100329.4 00210
30 1 100328  0936 0942 0936 N16E12SFE       16                     LEAR3        11057 100329.3 00220
31403100328  0936 0942 0936 N16E12SFE       16                     LEAR3        11057 100329.3 00220
30 1 100403  0002 0005 0002 N16W63SFE       24                     LEAR3        11057 100329.3 00010
31403100403  0002 0005 0002 N16W63SFE       24                     LEAR3        11057 100329.3 00010
30 1 100409  0448 0456 0449 N24E01SFE       14                     LEAR3R       11060 1004 9.3 00020
31403100409  0448 0456 0449 N24E01SFE       14                     LEAR3R       11060 1004 9.3 00020
30 1 100501  0137 0154 0138 N23E73SFE       51                     LEAR3        11067 1005 6.7 00010
31403100501  0137 0154 0138 N23E73SFE       51                     LEAR3        11067 1005 6.7 00010
30 1 100501  0618 0625 0622 N23E73SFE       12                     LEAR3        11067 1005 6.9 00020
31403100501  0618 0625 0622 N23E73SFE       12                     LEAR3        11067 1005 6.9 00020
30 1 100504  1624 1643 1629 N41W23SFE       38                     HOLL3FH      11069 1005 2.8 00030
31649100504  1624 1643 1629 N41W23SFE       38                     HOLL3FH      11069 1005 2.8 00030
30 1 100505  1717 1735 1719 N42W37SFE       53                     HOLL3        11069 1005 2.7 00040
31649100505  1717 1735 1719 N42W37SFE       53                     HOLL3        11069 1005 2.7 00040
30 3 100507  055810602 05581N40W52SF        21                                  11069 1005 3.0 00050
31547100507  0558 0600 0558 N39W55SFE                              KANZ2        11069 1005 2.8 00050
31403100507  0558 0604 0559 N41W50SFE       24                     LEAR3        11069 1005 3.1 00050
31526100507  0559 0603 0559 N41W50SFE       18                     SVTO3        11069 1005 3.2 00050
30 2 100507  073820756 0751 N39W54SF        79                          F       11069 1005 2.9 00060
31526100507  0738 0834D0749UN40W54SFE       88                     SVTO3F       11069 1005 2.9 00060
31403100507  0740 0756 0751 N38W54SFE       70                     LEAR1        11069 1005 2.9 00060
30 1 100508  0455 0532 0459 N38W651FE      128                     LEAR3EM      11069 1005 2.9 00070
31403100508  0455 0532 0459 N38W651FE      128                     LEAR3ME      11069 1005 2.9 00070
30 1 100511  0842 0850 0842 S20W19SFE       15                     LEAR3        11068 1005 9.9 00080
31403100511  0842 0850 0842 S20W19SFE       15                     LEAR3        11068 1005 9.9 00080
30 1 100522  1452 1503 1456 S15E10SFE       33                     SVTO3H       11072 100523.4 00090
31526100522  1452 1503 1456 S15E10SFE       33                     SVTO3H       11072 100523.4 00090
30 1 100525  0652 0656 0652 S14W27SFE       14                     SVTO3        11072 100523.2 00100
31526100525  0652 0656 0652 S14W27SFE       14                     SVTO3        11072 100523.2 00100
30 3 100525  1550 1557 15501S15W32SF        36                          FH      11072 100523.2 00110
31547100525  1550 1555 1551 S15W31SFE                              KANZ2        11072 100523.3 00110
31526100525  1550 1559 1550 S15W32SFE       39                     SVTO3F       11072 100523.2 00110
31649100525  1550 1558 1550 S16W32SFE       33                     HOLL3FH      11072 100523.2 00110
30 1 100501  0137 0154 0138 N23E73SFE       51                     LEAR3        11067 1005 6.7 00010
31403100501  0137 0154 0138 N23E73SFE       51                     LEAR3        11067 1005 6.7 00010
30 1 100501  0618 0625 0622 N23E73SFE       12                     LEAR3        11067 1005 6.9 00020
31403100501  0618 0625 0622 N23E73SFE       12                     LEAR3        11067 1005 6.9 00020
30 1 100504  1624 1643 1629 N41W23SFE       38                     HOLL3FH      11069 1005 2.8 00030
31649100504  1624 1643 1629 N41W23SFE       38                     HOLL3FH      11069 1005 2.8 00030
30 1 100505  1717 1735 1719 N42W37SFE       53                     HOLL3        11069 1005 2.7 00040
31649100505  1717 1735 1719 N42W37SFE       53                     HOLL3        11069 1005 2.7 00040
30 3 100507  055810602 05581N40W52SF        21                                  11069 1005 3.0 00050
31547100507  0558 0600 0558 N39W55SFE                              KANZ2        11069 1005 2.8 00050
31403100507  0558 0604 0559 N41W50SFE       24                     LEAR3        11069 1005 3.1 00050
31526100507  0559 0603 0559 N41W50SFE       18                     SVTO3        11069 1005 3.2 00050
30 2 100507  073820756 0751 N39W54SF        79                          F       11069 1005 2.9 00060
31526100507  0738 0834D0749UN40W54SFE       88                     SVTO3F       11069 1005 2.9 00060
31403100507  0740 0756 0751 N38W54SFE       70                     LEAR1        11069 1005 2.9 00060
30 1 100508  0455 0532 0459 N38W651FE      128                     LEAR3EM      11069 1005 2.9 00070
31403100508  0455 0532 0459 N38W651FE      128                     LEAR3ME      11069 1005 2.9 00070
30 1 100511  0842 0850 0842 S20W19SFE       15                     LEAR3        11068 1005 9.9 00080
31403100511  0842 0850 0842 S20W19SFE       15                     LEAR3        11068 1005 9.9 00080
30 1 100522  1452 1503 1456 S15E10SFE       33                     SVTO3H       11072 100523.4 00090
31526100522  1452 1503 1456 S15E10SFE       33                     SVTO3H       11072 100523.4 00090
30 1 100525  0652 0656 0652 S14W27SFE       14                     SVTO3        11072 100523.2 00100
31526100525  0652 0656 0652 S14W27SFE       14                     SVTO3        11072 100523.2 00100
30 3 100525  1550 1557 15501S15W32SF        36                          FH      11072 100523.2 00110
31547100525  1550 1555 1551 S15W31SFE                              KANZ2        11072 100523.3 00110
31526100525  1550 1559 1550 S15W32SFE       39                     SVTO3F       11072 100523.2 00110
31649100525  1550 1558 1550 S16W32SFE       33                     HOLL3FH      11072 100523.2 00110
30 1 100602  0852E0900D0855US20W15SFE       20                     SVTO3FZ      11076 1006 1.2 00010
31526100602  0852E0900D0855US20W15SFE       20                     SVTO3ZF      11076 1006 1.2 00010
30 1 100602  0910 0918 0916 S20W15SFE       19                     SVTO3FZ      11076 1006 1.2 00020
31526100602  0910 0918 0916 S20W15SFE       19                     SVTO3FZ      11076 1006 1.2 00020
30 1 100602  0959E1019 1010 S19W15SFE       32                     SVTO3FH      11076 1006 1.3 00030
31526100602  0959E1019 1010 S19W15SFE       32                     SVTO3FH      11076 1006 1.3 00030
30 1 100602  1020 1027D1021US20W16SFE       38                     SVTO3FH      11076 1006 1.2 00040
31526100602  1020 1027D1021US20W16SFE       38                     SVTO3FH      11076 1006 1.2 00040
30 1 100602  1053 1055 1054 S20W16SFE       37                     SVTO3HZ      11076 1006 1.2 00050
31526100602  1053 1055 1054 S20W16SFE       37                     SVTO3HZ      11076 1006 1.2 00050
30 1 100603  0158 0201 0158 S20W21SFE       23                     LEAR3        11076 1006 1.5 00060
31403100603  0158 0201 0158 S20W21SFE       23                     LEAR3        11076 1006 1.5 00060
30 1 100607  0629 0637 0630 N19W65SFE       26                     LEAR3        11077 1006 2.3 00070
31403100607  0629 0637 0630 N19W65SFE       26                     LEAR3        11077 1006 2.3 00070
30 1 100609  0507 0530 0516 S23W48SFE       15                     SVTO3FH      11078 1006 5.5 00080
31526100609  0507 0530 0516 S23W48SFE       15                     SVTO3FH      11078 1006 5.5 00080
30 1 100612  0055 0113 0056 N23W43SNE       71                     HOLL3FH      11081 1006 8.7 00090
31649100612  0055 0113 0056 N23W43SNE       71                     HOLL3FH      11081 1006 8.7 00090
30 2 100612  0859*0932 09184N22W52SF        65                          EF      11081 1006 8.4 00100
31526100612  0859 0940 0922 N22W52SFE       65                     SVTO3FE      11081 1006 8.4 00100
31547100612  0910 0925 0918 N22W52SFE                              KANZ2        11081 1006 8.4 00100
30 1 100613  0535 0540 0535 S25W84SFE       27                     LEAR3        11079 1006 6.7 00110
31403100613  0535 0540 0535 S25W84SFE       27                     LEAR3        11079 1006 6.7 00110
30 1 100613  0557 0602 0559 N23W63SFE       11                     LEAR3        11081 1006 8.4 00120
31403100613  0557 0602 0559 N23W63SFE       11                     LEAR3        11081 1006 8.4 00120
30 1 100613  0610 0615 0611 N23W59SFE       30                     LEAR3        11081 1006 8.7 00130
31403100613  0610 0615 0611 N23W59SFE       30                     LEAR3        11081 1006 8.7 00130
30 1 100613  0659 0707 0701 N23W64SFE       30                     LEAR3        11081 1006 8.3 00140
31403100613  0659 0707 0701 N23W64SFE       30                     LEAR3        11081 1006 8.3 00140
30 1 100613  0707 0711 0708 S23W69SFE       21                     LEAR3        11080 1006 8.0 00150
31403100613  0707 0711 0708 S23W69SFE       21                     LEAR3        11080 1006 8.0 00150
30 1 100613  0731 0739 0736 N24W58SFE       27                     LEAR3        11081 1006 8.8 00160
31403100613  0731 0739 0736 N24W58SFE       27                     LEAR3        11081 1006 8.8 00160
30 1 100613  0751 0758 0755 N24W64SFE       41                     LEAR3        11081 1006 8.4 00170
31403100613  0751 0758 0755 N24W64SFE       41                     LEAR3        11081 1006 8.4 00170
30 1 100613  0814 0825 0817 N22W66SFE       72                     SVTO3F       11081 1006 8.3 00180
31526100613  0814 0825 0817 N22W66SFE       72                     SVTO3F       11081 1006 8.3 00180
30 1 100613  0914 0922 0916 N22W68SFE       76                     SVTO3        11081 1006 8.1 00190
31526100613  0914 0922 0916 N22W68SFE       76                     SVTO3        11081 1006 8.1 00190
30 1 100613  0942 0950U0946 N23W65SFE                              KANZ2        11081 1006 8.4 00200
31547100613  0942 0950U0946 N23W65SFE                              KANZ2        11081 1006 8.4 00200
30 1 100613  0944 0957 0949 S23W75SFE       95                     SVTO3        11081 1006 7.6 00210
31526100613  0944 0957 0949 S23W75SFE       95                     SVTO3        11081 1006 7.6 00210
30 1 100614  0049 0103 0050 N27W70SFE       57                     HOLL3F       11081 1006 8.6 00220
31649100614  0049 0103 0050 N27W70SFE       57                     HOLL3F       11081 1006 8.6 00220
30 1 100616  1027 1031 1030 N28E42SFE                              KANZ2        11082 100619.7 00230
31547100616  1027 1031 1030 N28E42SFE                              KANZ2        11082 100619.7 00230
30 1 100617  1029 1037 1029 N28E41SFE       17                     SVTO3F       11082 100620.6 00240
31526100617  1029 1037 1029 N28E41SFE       17                     SVTO3F       11082 100620.6 00240
30 1 100629  0500 0507 0503 N15W14SFE       13                     LEAR3              100628.1 00250
31403100629  0500 0507 0503 N15W14SFE       13                     LEAR3              100628.1 00250
30 1 100709  1944E2037D2002 N19E72SFE       33                     HOLL3F       11087 100715.3 00010
31649100709  1944E2037D2002 N19E72SFE       33                     HOLL3F       11087 100715.3 00010
30 1 100712  0519 0535 0519 N20E45SFE       15                     LEAR3        11087 100715.7 00020
31403100712  0519 0535 0519 N20E45SFE       15                     LEAR3        11087 100715.7 00020
30 1 100713  0310 0320 0311 N18E31SFE       10                     LEAR3        11087 100715.5 00030
31403100713  0310 0320 0311 N18E31SFE       10                     LEAR3        11087 100715.5 00030
30 3 100713  083310839 08341N18E27SF        16                                  11087 100715.4 00040
31547100713  0833 0836 0834 N18E26SFE                              KANZ2        11087 100715.3 00040
31403100713  0834 0840 0835 N18E27SFE       16                     LEAR3        11087 100715.4 00040
31526100713  0834 0842 0835 N19E27SFE       17                     SVTO3        11087 100715.4 00040
30 1 100713  1012 1018 1013 N19E26SFE       20                     SVTO3        11087 100715.4 00050
31526100713  1012 1018 1013 N19E26SFE       20                     SVTO3        11087 100715.4 00050
30 2 100713  1010*1100 1049 N18E26SF        56                          F       11087 100715.4 00060
31526100713  1046 1105 1049 N19E26SFE       56                     SVTO3F       11087 100715.4 00060
31547100713  1010 1056 1049 N18E25SFE                              KANZ2        11087 100715.3 00060
30 1 100720  1341 1350 1342 S21E65SFE                              KANZ2        11089 100725.5 00070
31547100720  1341 1350 1342 S21E65SFE                              KANZ2        11089 100725.5 00070
30 1 100720  1341 1354 1343 S21E55SFE       40                     SVTO3F       11089 100724.8 00080
31526100720  1341 1354 1343 S21E55SFE       40                     SVTO3F       11089 100724.8 00080
30 1 100720  1514 1518 1515 S21E55SFE       51                     SVTO3F       11089 100724.8 00090
31526100720  1514 1518 1515 S21E55SFE       51                     SVTO3F       11089 100724.8 00090
30 1 100720  1518 1532 1525 S23E65SFE       50                     SVTO3F       11089 100725.6 00100
31526100720  1518 1532 1525 S23E65SFE       50                     SVTO3F       11089 100725.6 00100
30 1 100720  1542 1602 1553 S21E55SFE       41                     SVTO3EF      11089 100724.9 00110
31526100720  1542 1602 1553 S21E55SFE       41                     SVTO3FE      11089 100724.9 00110
30 1 100720  1855 1916 1856 S22E63SFE       18                     HOLL3        11089 100725.6 00120
31649100720  1855 1916 1856 S22E63SFE       18                     HOLL3        11089 100725.6 00120
30 1 100721  0110E0121 0112 S23E58SFE       19                     LEAR1        11089 100725.5 00130
31403100721  0110E0121 0112 S23E58SFE       19                     LEAR1        11089 100725.5 00130
30 1 100721  0133 0154 0140 S23E58SFE       42                     LEAR1        11089 100725.5 00140
31403100721  0133 0154 0140 S23E58SFE       42                     LEAR1        11089 100725.5 00140
30 1 100721  0255 0300 0255 S23E58SFE       47                     LEAR2        11089 100725.6 00150
31403100721  0255 0300 0255 S23E58SFE       47                     LEAR2        11089 100725.6 00150
30 1 100721  0302 0317 0307 S26E551FE      120                     LEAR2        11089 100725.4 00160
31403100721  0302 0317 0307 S26E551FE      120                     LEAR2        11089 100725.4 00160
30 1 100721  0317 0320 0318 S23E58SFE       19                     LEAR3        11089 100725.6 00170
31403100721  0317 0320 0318 S23E58SFE       19                     LEAR3        11089 100725.6 00170
30 1 100721  0321 0324 0322 S23E58SFE       17                     LEAR3        11089 100725.6 00180
31403100721  0321 0324 0322 S23E58SFE       17                     LEAR3        11089 100725.6 00180
30 1 100721  0325 0335 0330 S26E55SFE       22                     LEAR3        11089 100725.4 00190
31403100721  0325 0335 0330 S26E55SFE       22                     LEAR3        11089 100725.4 00190
30 1 100721  0339 0359 0351 S23E57SFE       18                     LEAR3        11089 100725.5 00200
31403100721  0339 0359 0351 S23E57SFE       18                     LEAR3        11089 100725.5 00200
30 1 100721  0409 0440 0415 S23E56SFE       31                     LEAR3        11089 100725.5 00210
31403100721  0409 0440 0415 S23E56SFE       31                     LEAR3        11089 100725.5 00210
30 1 100721  0434 0441 0438 N17W81SFE       22                     LEAR3        11087 100715.0 00220
31403100721  0434 0441 0438 N17W81SFE       22                     LEAR3        11087 100715.0 00220
30 1 100721  0441 0453 0443 S26E54SFE       36                     LEAR3        11089 100725.4 00230
31403100721  0441 0453 0443 S26E54SFE       36                     LEAR3        11089 100725.4 00230
30 1 100721  0502 0510 0503 S26E54SFE       13                     LEAR3        11089 100725.4 00240
31403100721  0502 0510 0503 S26E54SFE       13                     LEAR3        11089 100725.4 00240
30 1 100721  0550 0556 0550 S22E57SFE       16                     SVTO3F       11089 100725.6 00250
31526100721  0550 0556 0550 S22E57SFE       16                     SVTO3F       11089 100725.6 00250
30 1 100721  0656 0705 0700 S25E52SFE       39                     LEAR2        11089 100725.3 00260
31403100721  0656 0705 0700 S25E52SFE       39                     LEAR2        11089 100725.3 00260
30 1 100721  0712 0721 0717 S25E52SFE       23                     LEAR2        11089 100725.3 00270
31403100721  0712 0721 0717 S25E52SFE       23                     LEAR2        11089 100725.3 00270
30 1 100721  0725 0735 0725 S26E52SFE       28                     LEAR3        11089 100725.3 00280
31403100721  0725 0735 0725 S26E52SFE       28                     LEAR3        11089 100725.3 00280
30 1 100721  0746 0756 0747 S26E52SFE       32                     LEAR3        11089 100725.4 00290
31403100721  0746 0756 0747 S26E52SFE       32                     LEAR3        11089 100725.4 00290
30 1 100721  0807 0810 0808 S25E52SFE       11                     SVTO3F       11089 100725.4 00300
31526100721  0807 0810 0808 S25E52SFE       11                     SVTO3F       11089 100725.4 00300
30 1 100721  0851 0901 0856 S23E30SFE                              KANZ2              100723.7 00310
31547100721  0851 0901 0856 S23E30SFE                              KANZ2              100723.7 00310
30 1 100722  0631 0634 0631 S27E42SFE       16                     SVTO3        11089 100725.5 00320
31526100722  0631 0634 0631 S27E42SFE       16                     SVTO3        11089 100725.5 00320
30 1 100722  1210 1233 1216 S23E39SFE       40                     SVTO3F       11089 100725.5 00330
31526100722  1210 1233 1216 S23E39SFE       40                     SVTO3F       11089 100725.5 00330
30 1 100722  1514 1519 1514 S25E39SFE       18                     SVTO3F       11089 100725.6 00340
31526100722  1514 1519 1514 S25E39SFE       18                     SVTO3F       11089 100725.6 00340
30 1 100723  0023 0031 0024 S27E33SFE       12                     LEAR3        11089 100725.6 00350
31403100723  0023 0031 0024 S27E33SFE       12                     LEAR3        11089 100725.6 00350
30 2 100723  0852 0914 08543S22E30SF        24                                  11089 100725.7 00360
31526100723  0852 0913 0854 S23E31SFE       16                     SVTO3        11089 100725.7 00360
31403100723  0852 0914 0857 S21E28SFE       32                     LEAR3        11089 100725.5 00360
30 1 100723  1521 1527 1522 S26E24SFE       36                     SVTO3        11089 100725.5 00370
31526100723  1521 1527 1522 S26E24SFE       36                     SVTO3        11089 100725.5 00370
30 1 100724  0604 0616 0610 S24E18SFE       10                     SVTO3F       11089 100725.6 00380
31526100724  0604 0616 0610 S24E18SFE       10                     SVTO3F       11089 100725.6 00380
30 1 100727  0120 0126 0120 S23W23SFE       14                     LEAR3        11089 100725.3 00390
31403100727  0120 0126 0120 S23W23SFE       14                     LEAR3        11089 100725.3 00390
30 1 100727  0353 0448 0415 S23W23SFE       31                     LEAR3        11089 100725.4 00400
31403100727  0353 0448 0415 S23W23SFE       31                     LEAR3        11089 100725.4 00400
30 1 100728  1304 1315 1307 S24W42SFE       30                     SVTO3F       11089 100725.3 00410
31526100728  1304 1315 1307 S24W42SFE       30                     SVTO3F       11089 100725.3 00410
30 1 100730  0227 0244 0228 N17E64SFE       18                     LEAR3        11092 1008 4.0 00420
31403100730  0227 0244 0228 N17E64SFE       18                     LEAR3        11092 1008 4.0 00420
30 1 100730  0751 0802 0752 N16E58SFE       20                     LEAR3        11092 1008 3.7 00430
31403100730  0751 0802 0752 N16E58SFE       20                     LEAR3        11092 1008 3.7 00430
30 1 100731  0519 0532 0526 N10E41SFE       12                     LEAR3        11092 1008 3.3 00440
31403100731  0519 0532 0526 N10E41SFE       12                     LEAR3        11092 1008 3.3 00440
30 2 100801  075510940 0826 N19E34SF        65                          F       11092 1008 3.9 00010
31526100801  0755 0935 0826UN18E33SFE       61                     SVTO3F       11092 1008 3.8 00010
31403100801  0756 0946 0826 N20E36SFE       69                     LEAR3F       11092 1008 4.1 00010
30 1 100807  1758 1955 1815 N11E342FE      284                     HOLL3FU      11093 100810.3 00020
31649100807  1758 1955 1815 N11E342FE      284                     HOLL3UF      11093 100810.3 00020
30 2 100811  134311359 13475N14E34SF        16                          EF      11098 100814.1 00030
31649100811  1343 1402 1352 N14E33SFE       15                     HOLL3E       11098 100814.1 00030
31526100811  1344 1356 1347 N15E36SFE       16                     SVTO3F       11098 100814.3 00030
30 1 100813  2339 2350 2346 N17W45SFE       11                     LEAR1        11099 100810.6 00040
31403100813  2339 2350 2346 N17W45SFE       11                     LEAR1        11099 100810.6 00040
30 1 100814  0027 0040 0031 N18W46SFE       12                     LEAR2        11099 100810.5 00050
31403100814  0027 0040 0031 N18W46SFE       12                     LEAR2        11099 100810.5 00050
30 1 100814  0057 0105 0057 N17W46SFE       11                     LEAR3        11099 100810.5 00060
31403100814  0057 0105 0057 N17W46SFE       11                     LEAR3        11099 100810.5 00060
30 2 100814  093911040 1000 N12W54SF        60                          F       11093 100810.3 00070
31526100814  0939 1030 1000 N11W53SFE       60                     SVTO3F       11093 100810.4 00070
31547100814  0940 1050 1000 N12W54SFE                              KANZ2        11093 100810.3 00070
30 1 100814  0941 1110 0959 N17W52SFE       76                     SVTO3F       11099 100810.4 00080
31526100814  0941 1110 0959 N17W52SFE       76                     SVTO3F       11099 100810.4 00080
30 1 100814  1807 1813 1807 N19W54SFE       11                     HOLL3        11099 100810.6 00090
31649100814  1807 1813 1807 N19W54SFE       11                     HOLL3        11099 100810.6 00090
30 1 100815  0711 0718 0712 N17W63SFE       14                     LEAR3        11099 100810.5 00100
31403100815  0711 0718 0712 N17W63SFE       14                     LEAR3        11099 100810.5 00100
30 1 100815  0820 0828 0820 N16W63SFE       10                     LEAR3        11099 100810.6 00110
31403100815  0820 0828 0820 N16W63SFE       10                     LEAR3        11099 100810.6 00110
30 1 100815  1828 1839 1832 N15W71SFE       30                     HOLL3F       11099 100810.4 00120
31649100815  1828 1839 1832 N15W71SFE       30                     HOLL3F       11099 100810.4 00120
30 1 100816  1518 1528 1520 N17W80SFE       41                     HOLL3F       11099 100810.5 00130
31649100816  1518 1528 1520 N17W80SFE       41                     HOLL3F       11099 100810.5 00130
30 2 100826  0534 0547 05372S20W70SF        26                          H       11100 100820.9 00140
31526100826  0534 0547 0539 S21W68SFE       19                     SVTO3        11100 100821.0 00140
31403100826  0534 0547 0537 S18W71SFE       33                     LEAR2H       11100 100820.8 00140
30 1 100904  1726 1731 1727 N18W34SFE       17                     HOLL3         1105 1009 2.1 00010
31649100904  1726 1731 1727 N18W34SFE       17                     HOLL3         1105 1009 2.1 00010*   9=1105                   
30 1 100904  1912 1915 1913 N18W36SFE       12                     HOLL3         1105 1009 2.0 00020
31649100904  1912 1915 1913 N18W36SFE       12                     HOLL3         1105 1009 2.0 00020*  12=1105                   
30 2 100904  220892217 2208*N18W38SF        12                                   1105 1009 2.0 00030
31649100904  2208 2215 2208 N18W38SFE       13                     HOLL3         1105 1009 2.0 00030*  12=1105                   
31649100904  2217 2219 2218 N18W38SFE       11                     HOLL3         1105 1009 2.0 00030*  12=1105                   
30 1 100905  0123 0128 0124 N19W40SFE       11                     LEAR2         1105 1009 2.0 00040
31403100905  0123 0128 0124 N19W40SFE       11                     LEAR2         1105 1009 2.0 00040*   6=1105                   
30 1 100905  0210 0225 0217 N18W38SFE       29                     LEAR3         1105 1009 2.2 00050
31403100905  0210 0225 0217 N18W38SFE       29                     LEAR3         1105 1009 2.2 00050*   6=1105                   
30 1 100905  0710 0722 0714 N17W43SFE       13                     SVTO3F        1105 1009 2.0 00060
31526100905  0710 0722 0714 N17W43SFE       13                     SVTO3F        1105 1009 2.0 00060*  18=1105                   
30 2 100906  1458 1518 14591N18W60SF        64                          FH       1105 1009 2.0 00070
31649100906  1458 1516 1459 N19W59SFE       36                     HOLL3FH       1105 1009 2.1 00070*   3=1105                   
31526100906  1458 1521 1500 N17W60SFE       92                     SVTO3F        1105 1009 2.1 00070*  15=1105                   
30 1 100907  0617 0623 0617 N20W66SFE       12                     LEAR3         1105 1009 2.2 00080
31403100907  0617 0623 0617 N20W66SFE       12                     LEAR3         1105 1009 2.2 00080*   6=1105                   
30 2 100907  085510902 08561N18W12SF        19                          F        1105B1009 6.4 00090
31526100907  0855 0902 0856 N18W12SFE       21                     SVTO3F        1105B1009 6.4 00090* - 9=1105B-39=1105C         
31403100907  0856 0901 0857 N18W11SFE       17                     LEAR3         1105B1009 6.5 00090* - 6=1105B-36=1105C         
30 3 100915  072210729 0723 N31E36SF        14                                   1107 100918.1 00100
31526100915  0723 0730 0723 N33E38SFE       16                     SVTO3         1107 100918.3 00100*?                           
31547100915  0722 0729 0723 N31E34SFE                              KANZ2              100918.0 00100*                            
31403100915  0723 0728 0723 N30E35SFE       13                     LEAR3         1107 100918.1 00100*?                           
30 1 100917  0120 0127 0123 S31E70SFE       93                     LEAR3         1108 100922.6 00110
31403100917  0120 0127 0123 S31E70SFE       93                     LEAR3         1108 100922.6 00110*  15=1108 +39=1108A         
30 1 100921  0853 0857 0857UN20E74SFE       40                     LEAR1         1110A100927.0 00120
31403100921  0853 0857 0857UN20E74SFE       40                     LEAR1         1110A100927.0 00120*  27=1110A                  
30 1 100923  0459 0505 0459 N19E66SFE       20                     LEAR3         1109 100928.2 00130
31403100923  0459 0505 0459 N19E66SFE       20                     LEAR3         1109 100928.2 00130*  15=1109                   
30 2 100923  060640613 06064N20E65SF        10                                   1109 100928.2 00140
31403100923  0610 0613 0610 N19E65SFE       10                     LEAR3         1109 100928.2 00140*  15=1109                   
31547100923  0606 0614U0606 N20E65SFE                              KANZ2         1109 100928.2 00140*   9=1109                   
30 1 100926  0617 0622 0619 N21E23SFE       15                     SVTO3F        1109 100928.0 00150
31526100926  0617 0622 0619 N21E23SFE       15                     SVTO3F        1109 100928.0 00150*   9=1109                   
30 2 100926  092420934 09251N20E22SF        12                          F        1109 100928.1 00160
31403100926  0926 0934 0926 N20E21SFE       11                     LEAR3         1109 100928.0 00160*  15=1109                   
31526100926  0924 0933 0925 N21E22SFE       14                     SVTO3F        1109 100928.1 00160*   6=1109                   
30 1 100926  1415 1428 1418 N21E03SFE       26                     SVTO3E        1110 100926.8 00170
31526100926  1415 1428 1418 N21E03SFE       26                     SVTO3E        1110 100926.8 00170*   9=1110                   
30 1 100927  0018 0027 0018 N21W02SFE       10                     LEAR3F        1110 100926.8 00180
31403100927  0018 0027 0018 N21W02SFE       10                     LEAR3F        1110 100926.8 00180*   9=1110                   
30 1 100927  2155 2204 2156 N19E03SFE       10                     HOLL1F        1109 100928.1 00190
31649100927  2155 2204 2156 N19E03SFE       10                     HOLL1F        1109 100928.1 00190*  18=1109                   
30 1 100928  0940U0954U0946 N19W22SFE                              KANZ2         1110 100926.7 00200
31547100928  0940U0954U0946 N19W22SFE                              KANZ2         1110 100926.7 00200*   6=1110                   
30 1 100928  2112 2119 2113 N19W30SFE       12                     HOLL3         1110 100926.6 00210
31649100928  2112 2119 2113 N19W30SFE       12                     HOLL3         1110 100926.6 00210*   9=1110                   
30 1 100928  2209 2218 2210 N19W31SFE       22                     HOLL3         1110 100926.5 00220
31649100928  2209 2218 2210 N19W31SFE       22                     HOLL3         1110 100926.5 00220*  12=1110                   
30 1 100929  0124 0131 0126 N20W30SFE       28                     LEAR3F        1110 100926.8 00230
31403100929  0124 0131 0126 N20W30SFE       28                     LEAR3F        1110 100926.8 00230*   3=1110                   
30 1 100929  0833 0836 0834 N21W11SFE       23                     SVTO3         1109 100928.5 00240
31526100929  0833 0836 0834 N21W11SFE       23                     SVTO3         1109 100928.5 00240*   6=1109                   
30 1 100929  1000 1020 1006 N20W28SFE                              KANZ2         1110 100927.3 00250
31547100929  1000 1020 1006 N20W28SFE                              KANZ2         1110 100927.3 00250*  18=1110  36=1109          
30 1 100930  0502 0508 0503 N20W25SFE       17                     LEAR3         1109 100928.3 00260
31403100930  0502 0508 0503 N20W25SFE       17                     LEAR3         1109 100928.3 00260*   6=1109                   
30 1 100930  1004 1028 1005 N19W29SFE       15                     SVTO3E        1109 100928.2 00270
31526100930  1004 1028 1005 N19W29SFE       15                     SVTO3E        1109 100928.2 00270*  15=1109                   
30 2 101001  0757 0828 07571N20W41SF        13                          F        1109 100928.3 00010
31526101001  0757 0804 0757 N20W41SFE       10                     SVTO3F        1109 100928.3 00010*   6=1109   9=1109          
31403101001  0757 0851 0758 N20W41SFE       16                     LEAR3         1109 100928.3 00010*   6=1109   9=1109          
30 2 101001  0957 1018 1002 N18W61SF        18                          F        1110 100926.9 00020
31526101001  0957 1018 1002 N18W61SFE       18                     SVTO3F        1110 100926.9 00020*  15=1110 -18=1110          
31547101001  1004E1007D1007UN17W61SFE                              KANZ2         1110 100926.9 00020*  21=1110 -24=1110          
30 1 101004  1634E1638 1634UN21W771FE      107                     HOLL1         1109 100928.9 00030
31649101004  1634E1638 1634UN21W771FE      107                     HOLL1         1109 100928.9 00030*  21=1109                   
30 2 101010  064520650 06463S21E61SF        16                                   1112 101014.9 00040
31547101010  0647 0650 0649 S20E61SFE                              KANZ2         1112 101014.9 00040*   9=1112  33=1109A         
31403101010  0645 0650 0646 S22E61SFE       16                     LEAR3         1112 101015.0 00040*  18=1112  24=1109A         
30 1 101010  0842 0846 0843 S21E59SFE       19                     LEAR3         1112 101014.9 00050
31403101010  0842 0846 0843 S21E59SFE       19                     LEAR3         1112 101014.9 00050*  15=1112  27=1109A         
30 3 101010  094110951 0943 S20E58SF        32                          F        1112 101014.8 00060
31526101010  0942 0955 0943 S19E57SFE       31                     SVTO3F        1112 101014.7 00060*   9=1112  33=1109A         
31403101010  0941 0947 0943 S22E58SFE       32                     LEAR3         1112 101014.9 00060*  21=1112  21=1109A         
31547101010  0941 0950U0943 S20E60SFE                              KANZ2         1112 101015.0 00060*   6=1112  36=1109A         
30 2 101014  1422 1433 1426 S18E06SF        10                          H        1112 101015.0 00070
31526101014  1423E1433D1427US19E06SFE       11                     SVTO3H        1112 101015.0 00070*   0=1112  42=1109A         
31649101014  1422 1433 1426 S18E06SFE       10                     HOLL3H        1112 101015.0 00070*   6=1112  48=1109A         
30 1 101016  1910 1930 1913 S20W261NE      103                     HOLL3EF       1112 101014.8 00080
31649101016  1910 1930 1913 S20W261NE      103                     HOLL3FE       1112 101014.8 00080*  12=1112  30=1109A         
30 2 101017  0857 0916 0905 S18W32SF        32                          F        1112 101014.9 00090
31526101017  0906E0928D0907US19W31SFE       28                     SVTO3F        1112 101015.0 00090*   0=1112  42=1109A         
31403101017  0857 0916 0905 S18W33SFE       35                     LEAR2         1112 101014.9 00090*   9=1112  45=1109A         
30 1 101017  1033E1120D1100US20W31SFE       31                     SVTO3F        1112 101015.1 00100
31526101017  1033E1120D1100US20W31SFE       31                     SVTO3F        1112 101015.1 00100*   9=1112  39=1109A         
30 1 101017  1737 1753 1739 S21W42SFE       22                     HOLL3H        1112 101014.5 00110
31649101017  1737 1753 1739 S21W42SFE       22                     HOLL3H        1112 101014.5 00110*? 15=1109A 27=1112          
30 1 101019  0350 0355 0351 N17E57SFE       16                     LEAR3         1119B101023.5 00120
31403101019  0350 0355 0351 N17E57SFE       16                     LEAR3         1119B101023.5 00120* -15=1119B 15=1119A 48=1119 
30 1 101019  0648 0703 0650 S20W57SFE       26                     LEAR3         1112 101014.9 00130
31403101019  0648 0703 0650 S20W57SFE       26                     LEAR3         1112 101014.9 00130*   9=1112  48=1114A         
30 1 101020  0100 0113 0100 S19W66SFE       10                     LEAR3         1112 101015.0 00140
31403101020  0100 0113 0100 S19W66SFE       10                     LEAR3         1112 101015.0 00140*   0=1112                   
30 1 101020  1150 1156 1152 S18W70SFE       12                     SVTO3         1112 101015.2 00150
31526101020  1150 1156 1152 S18W70SFE       12                     SVTO3         1112 101015.2 00150*  12=1112                   
30 1 101023  1733 1749 1733 S30W32SFE       20                     HOLL3FH       1115 101021.2 00160
31649101023  1733 1749 1733 S30W32SFE       20                     HOLL3FH       1115 101021.2 00160*  12=1115                   
30 1 101024  1400 1408 1403 N22E18SFE       14                     HOLL3F        1117 101026.0 00170
31649101024  1400 1408 1403 N22E18SFE       14                     HOLL3F        1117 101026.0 00170*   3=1117                   
30 1 101025  0600 0611 0601 N19E12SFE       16                     LEAR3         1117 101026.2 00180
31403101025  0600 0611 0601 N19E12SFE       16                     LEAR3         1117 101026.2 00180*  27=1117                   
30 1 101025  0809 0904 0836 N19E09SFE       32                     LEAR3         1117 101026.0 00190
31403101025  0809 0904 0836 N19E09SFE       32                     LEAR3         1117 101026.0 00190*  21=1117                   
30 1 101025  0911 0920 0915 N19E08SFE       12                     LEAR3         1117 101026.0 00200
31403101025  0911 0920 0915 N19E08SFE       12                     LEAR3         1117 101026.0 00200*  21=1117                   
30 1 101025  0924 1021D0945 N19E07SFE       28                     LEAR2         1117 101025.9 00210
31403101025  0924 1021D0945 N19E07SFE       28                     LEAR2         1117 101025.9 00210*  18=1117                   
30 1 101026  0040 0046 0041 N19W02SFE       12                     LEAR3         1117 101025.9 00220
31403101026  0040 0046 0041 N19W02SFE       12                     LEAR3         1117 101025.9 00220*  18=1117                   
30 1 101026  0131 0135 0131 N20W02SFE       10                     LEAR3         1117 101025.9 00230
31403101026  0131 0135 0131 N20W02SFE       10                     LEAR3         1117 101025.9 00230*  12=1117                   
30 1 101026  0533 0538 0533 N23W37SFE       13                     LEAR3         1119 101023.4 00240
31403101026  0533 0538 0533 N23W37SFE       13                     LEAR3         1119 101023.4 00240*   9=1119                   
30 1 101026  0729 0735 0730 N19W05SFE       14                     LEAR3E        1117 101025.9 00250
31403101026  0729 0735 0730 N19W05SFE       14                     LEAR3E        1117 101025.9 00250*  18=1117                   
30 1 101026  0813 0819 0814 N23W38SFE       12                     LEAR3         1119 101023.4 00260
31403101026  0813 0819 0814 N23W38SFE       12                     LEAR3         1119 101023.4 00260*   9=1119                   
30 1 101027  0606 0614 0607 N20W18SFE       14                     LEAR3E        1117 101025.9 00270
31403101027  0606 0614 0607 N20W18SFE       14                     LEAR3E        1117 101025.9 00270*  12=1117                   
30 1 101027  1703 1708 1703 N18W25SFE       18                     HOLL3F        1117 101025.8 00280
31649101027  1703 1708 1703 N18W25SFE       18                     HOLL3F        1117 101025.8 00280*  27=1117                   
30 1 101030  0631 0639 0632 N35E76SFE       20                     LEAR3         1120 1011 5.3 00290
31403101030  0631 0639 0632 N35E76SFE       20                     LEAR3         1120 1011 5.3 00290*  24=1120  27=1120          
30 2 101030  071410720 07161N35E72SF        16                          F        1120 1011 5.1 00300
31403101030  0714 0721 0716 N35E75SFE       19                     LEAR3         1120 1011 5.3 00300*  24=1120  27=1120          
31526101030  0715 0719 0717 N35E70SFE       14                     SVTO3F        1120 1011 4.9 00300*  24=1120  39=1120          
30 1 101031  0317 0328 0317 N24W67SFE       37                     LEAR3         1117 101026.0 00310
31403101031  0317 0328 0317 N24W67SFE       37                     LEAR3         1117 101026.0 00310*  15=1117 +18=1117          
30 1 101105  2012E2016D2014US19E65SFE       12                     HOLL3        11121 101110.8 00010
31649101105  2012E2016D2014US19E65SFE       12                     HOLL3        11121 101110.8 00010
30 1 101105  2328E2336D2328US19E62SFE       20                     HOLL3        11121 101110.7 00020
31649101105  2328E2336D2328US19E62SFE       20                     HOLL3        11121 101110.7 00020
30 1 101105  2356E0009D0002US20E76SFE       47                     LEAR3        11121 101111.8 00030
31403101105  2356E0009D0002US20E76SFE       47                     LEAR3        11121 101111.8 00030
30 1 101106  0825 0846 0835 S17E61SFE                              KANZ2        11121 101111.0 00040
31547101106  0825 0846 0835 S17E61SFE                              KANZ2        11121 101111.0 00040
30 2 101106  1342 1355 1345 S20E60SF        17                          F       11121 101111.1 00050
31547101106  1342 1355 1345 S20E60SFE                              KANZ2        11121 101111.1 00050
31526101106  1342E1357D1346US20E60SFE       17                     SVTO3F       11121 101111.1 00050
30 1 101106  1532E1711D1536US19E581NE      247                     HOLL3FH      11121 101111.1 00060
31649101106  1532E1711D1536US19E581NE      247                     HOLL3FH      11121 101111.1 00060
30 1 101106  1712E1727D1712US19E49SFE       18                     HOLL4F       11121 101110.4 00070
31649101106  1712E1727D1712US19E49SFE       18                     HOLL4F       11121 101110.4 00070
30 1 101107  0137E0152D0139US22E531FE      100                     LEAR3        11121 101111.1 00080
31403101107  0137E0152D0139US22E531FE      100                     LEAR3        11121 101111.1 00080
30 2 101110  1225 1245 1226 S22E24SF        16                          F       11123 101112.4 00090
31547101110  1225 1245 1226 S23E23SFE                              KANZ2        11123 101112.3 00090
31526101110  1226E1252D1228US22E24SFE       16                     SVTO3F       11123 101112.4 00090
30 1 101110  1415E1424D1417US21E22SFE       20                     SVTO3F       11123 101112.3 00100
31526101110  1415E1424D1417US21E22SFE       20                     SVTO3F       11123 101112.3 00100
30 1 101110  1638E1645D1641US22E20SFE       16                     HOLL3F       11123 101112.2 00110
31649101110  1638E1645D1641US22E20SFE       16                     HOLL3F       11123 101112.2 00110
30 1 101110  1747E1751D1747US20E17SFE       20                     HOLL3        11123 101112.0 00120
31649101110  1747E1751D1747US20E17SFE       20                     HOLL3        11123 101112.0 00120
30 2 101110  2251E2254D2251US20E16SF        14                          F       11123 101112.2 00130
31403101110  2251E2254D2252US20E14SFE       16                     LEAR2        11123 101112.0 00130
31649101110  2251E2254D2251US21E17SFE       13                     HOLL3F       11123 101112.2 00130
30 1 101111  0213E0223D0215US24E16SFE       16                     LEAR3F       11123 101112.3 00140
31403101111  0213E0223D0215US24E16SFE       16                     LEAR3F       11123 101112.3 00140
30 2 101111  0721E0734 0725 S25E13SF        18                          FH      11123 101112.3 00150
31547101111  0722E0734 0725 S23E12SFE                              KANZ2        11123 101112.2 00150
31403101111  0721E0734D0724US27E14SFE       18                     LEAR3FH      11123 101112.4 00150
30 1 101111  1610E1651D1614US26E08SFE       67                     HOLL3FH      11123 101112.3 00160
31649101111  1610E1651D1614US26E08SFE       67                     HOLL3FH      11123 101112.3 00160
30 1 101111  1859E1908D1901UN14E28SFE       10                     HOLL3        11124 101113.9 00170
31649101111  1859E1908D1901UN14E28SFE       10                     HOLL3        11124 101113.9 00170
30 1 101111  1927E1937D1928US26E06SFE       25                     HOLL3H       11123 101112.3 00180
31649101111  1927E1937D1928US26E06SFE       25                     HOLL3H       11123 101112.3 00180
30 1 101111  1943E1953D1944UN14E27SFE       21                     HOLL3FH      11124 101113.9 00190
31649101111  1943E1953D1944UN14E27SFE       21                     HOLL3FH      11124 101113.9 00190
30 1 101111  2051E2101D2055UN14E27SFE       14                     HOLL3H       11124 101113.9 00200
31649101111  2051E2101D2055UN14E27SFE       14                     HOLL3H       11124 101113.9 00200
30 1 101112  0133E0142D0134US24E03SFE       39                     LEAR3        11123 101112.3 00210
31403101112  0133E0142D0134US24E03SFE       39                     LEAR3        11123 101112.3 00210
30 2 101112  0802 0824 0810 S22E00SF        32                          F       11123 101112.3 00220
31547101112  0802 0824 0810 S22W00SFE                              KANZ2        11123 101112.3 00220
31526101112  0802E0826D0810US22W00SFE       32                     SVTO3F       11123 101112.3 00220
30 2 101112  1342 1408 13453S22W02SF        38                                  11123 101112.4 00230
31526101112  1342E1408 1345 S21W03SFE       38                     SVTO3        11123 101112.3 00230
31547101112  1342 1407 1348 S22W02SFE                              KANZ2        11123 101112.4 00230
30 2 101113  1131 1146 1133 S22W16SF        48                          F       11123 101112.2 00240
31526101113  1132E1152D1134US23W16SFE       48                     SVTO3F       11123 101112.2 00240
31547101113  1131 1146 1133 S22W15SFE                              KANZ2        11123 101112.3 00240
30 1 101113  1710E1719D1713UN18E13SFE       11                     HOLL3        11125 101114.7 00250
31649101113  1710E1719D1713UN18E13SFE       11                     HOLL3        11125 101114.7 00250
30 1 101113  1750E1754D1750UN18E12SFE       12                     HOLL3        11125 101114.6 00260
31649101113  1750E1754D1750UN18E12SFE       12                     HOLL3        11125 101114.6 00260
30 1 101113  2355E0002D2356US23W26SFE       29                     LEAR3F       11123 101112.0 00270
31403101113  2355E0002D2356US23W26SFE       29                     LEAR3F       11123 101112.0 00270
30 1 101114  0809E0813D0811UN12W08SFE       54                     LEAR3F       11124 101113.7 00280
31403101114  0809E0813D0811UN12W08SFE       54                     LEAR3F       11124 101113.7 00280
30 2 101115  0306E0340D0317UN12W19SF        18                          FH      11124 101113.7 00290
31403101115  0331E0340D0332UN12W19SFE       15                     LEAR3F       11124 101113.7 00290
31403101115  0306E0330D0317UN12W19SFE       20                     LEAR3FH      11124 101113.7 00290
30 2 101115  0600E0611D0602UN14W21SF        33                                  11124 101113.7 00300
31403101115  0608E0611D0610UN14W21SFE       54                     LEAR3        11124 101113.7 00300
31403101115  0600E0604D0602UN14W21SFE       12                     LEAR3        11124 101113.7 00300
30 1 101115  0626E0629D0626US34E42SFE       13                     LEAR3        11126 101118.6 00310
31403101115  0626E0629D0626US34E42SFE       13                     LEAR3        11126 101118.6 00310
30 3 101115  0730 0813 0748 N12W22SF        50                          F       11124 101113.6 00320
31403101115  0731E0813D0747UN12W22SFE       49                     LEAR3        11124 101113.6 00320
31547101115  0730 0813 0748 N12W21SFE                              KANZ2        11124 101113.7 00320
31526101115  0757E0812D0757UN12W22SFE       52                     SVTO3F       11124 101113.7 00320
30 1 101115  0918 0925 0920 S31E40SFE                              KANZ2        11126 101118.5 00330
31547101115  0918 0925 0920 S31E40SFE                              KANZ2        11126 101118.5 00330
30 1 101115  0919E0927D0920US48E28SFE       26                     LEAR3        11126 101117.7 00340
31403101115  0919E0927D0920US48E28SFE       26                     LEAR3        11126 101117.7 00340
30 1 101115  0935E0940D0937UN12W23SFE       10                     LEAR3        11124 101113.7 00350
31403101115  0935E0940D0937UN12W23SFE       10                     LEAR3        11124 101113.7 00350
30 1 101117  0020E0025D0023UN14W45SFE       10                     LEAR1        11124 101113.6 00360
31403101117  0020E0025D0023UN14W45SFE       10                     LEAR1        11124 101113.6 00360
30 1 101124  2358E0002D2359US33E77SFE       18                     LEAR3              1012 1.1 00370
31403101124  2358E0002D2359US33E77SFE       18                     LEAR3              1012 1.1 00370
