30 1 060105  0921 0931 0921 N14W57SFE       56                     LEAR3EF      10843 0601 1.1 00010
31403060105  0921 0931 0921 N14W57SFE       56                     LEAR3FE      10843 0601 1.1 00010*  12=0843                   
30 1 060122  1654 1704 1658 S19W12SFE       11                     HOLL3FH      10848 060121.8 00020
31649060122  1654 1704 1658 S19W12SFE       11                     HOLL3FH      10848 060121.8 00020*   3=0848                   
30 1 060122  2125 2128 2125 S20W15SFE       17                     HOLL3F       10848 060121.7 00030
31649060122  2125 2128 2125 S20W15SFE       17                     HOLL3F       10848 060121.7 00030*  12=0848                   
30 1 060124  0718 0723 0718 S19W30SFE       11                     LEAR3EH      10848 060122.0 00040
31403060124  0718 0723 0718 S19W30SFE       11                     LEAR3EH      10848 060122.0 00040*   3=0848                   
30 1 060201  0000 0931 0921 N14W57SFE       56                     LEAR3EF      10843 0601 1.1 00010
31403060201  0000 0931 0921 N14W57SFE       56                     LEAR3FE      10843 0601 1.1 00010*  12=0843                   
30 1 060320  0437 0440 0437 S08W13SFE       17                     LEAR3UZ      10862 060319.2 00010
31403060320  0437 0440 0437 S08W13SFE       17                     LEAR3ZU      10862 060319.2 00010
30 1 060320  0843 0850 0844 S07W18SFE       16                     LEAR3UZ      10862 060319.0 00020
31403060320  0843 0850 0844 S07W18SFE       16                     LEAR3ZU      10862 060319.0 00020
30 1 060321  0919 1005 0953 S07W30SFE                              KANZ2        10862 060319.1 00030
31547060321  0919 1005 0953 S07W30SFE                              KANZ2        10862 060319.1 00030
30 1 060321  0937 1001D0942 S08W32SFE       44                     LEAR3F       10862 060319.0 00040
31403060321  0937 1001D0942 S08W32SFE       44                     LEAR3F       10862 060319.0 00040
30 1 060321  1631 1642 1633 S06W36SFE       32                     HOLL3F       10862 060319.0 00050
31649060321  1631 1642 1633 S06W36SFE       32                     HOLL3F       10862 060319.0 00050
30 1 060321  1838 1856 1841 S06W37SFE       35                     HOLL3FH      10862 060319.0 00060
31649060321  1838 1856 1841 S06W37SFE       35                     HOLL3FH      10862 060319.0 00060
30 2 060321  2324 2334 23251S06W39SF        45                          FUZ     10862 060319.0 00070
31403060321  2324 2333 2325 S07W39SFE       47                     LEAR3ZU      10862 060319.0 00070
31649060321  2324 2335 2326 S06W39SFE       43                     HOLL3F       10862 060319.0 00070
30 1 060323  0926 0931 0926 S06W59SFE       17                     LEAR3        10862 060319.0 00080
31403060323  0926 0931 0926 S06W59SFE       17                     LEAR3        10862 060319.0 00080
30 1 060330  1514 1522 1515 S14E39SFE       26                     HOLL3F       10865 0604 2.6 00090
31649060330  1514 1522 1515 S14E39SFE       26                     HOLL3F       10865 0604 2.6 00090
30 1 060330  1525 1533 1528 S13E40SFE       10                     HOLL3F       10865 0604 2.7 00100
31649060330  1525 1533 1528 S13E40SFE       10                     HOLL3F       10865 0604 2.7 00100
30 1 060330  1825 1829 1825 S12E34SFE       16                     HOLL3E       10865 0604 2.3 00110
31649060330  1825 1829 1825 S12E34SFE       16                     HOLL3E       10865 0604 2.3 00110
30 1 060406  2038 2057 2041 S05W621NE      155                     HOLL3EF      10865 0604 2.2 00010
31649060406  2038 2057 2041 S05W621NE      155                     HOLL3FE      10865 0604 2.2 00010
30 1 060411  0437 0441 0438 S07E17SFE       41                     LEAR3FH      10870 060412.5 00020
31403060411  0437 0441 0438 S07E17SFE       41                     LEAR3FH      10870 060412.5 00020
30 1 060411  1816E1846 1820 S08E401NE      123                     HOLL3FH      10871 060414.8 00030
31649060411  1816E1846 1820 S08E401NE      123                     HOLL3FH      10871 060414.8 00030
30 1 060424  0901 0905 0903 S07E68SFE       36                     LEAR3FU      10875 060429.5 00040
31403060424  0901 0905 0903 S07E68SFE       36                     LEAR3UF      10875 060429.5 00040
30 1 060424  0906 0921 0908 S08E68SFE       34                     LEAR3FU      10875 060429.5 00050
31403060424  0906 0921 0908 S08E68SFE       34                     LEAR3UF      10875 060429.5 00050
30 1 060425  0704 0755 0716 S17E54SFE                              KANZ2         0875 060429.4 00060
31547060425  0704 0755 0716 S17E54SFE                              KANZ2         0875 060429.4 00060
30 1 060425  1226 1234 1232 S09E37SFE                              KANZ2         0875 060428.3 00070
31547060425  1226 1234 1232 S09E37SFE                              KANZ2         0875 060428.3 00070
30 1 060426  0603 0607 0604 S10E45SFE       17                     LEAR3FH      10875 060429.6 00080
31403060426  0603 0607 0604 S10E45SFE       17                     LEAR3FH      10875 060429.6 00080
30 1 060426  1349 1417 1353 S10E38SFE       54                     HOLL3EF      10875 060429.4 00090
31649060426  1349 1417 1353 S10E38SFE       54                     HOLL3FE      10875 060429.4 00090
30 1 060426  1436 1524 1454 S07E39SFE       92                     HOLL3EF      10875 060429.5 00100
31649060426  1436 1524 1454 S07E39SFE       92                     HOLL3FE      10875 060429.5 00100
30 1 060426  1702 1733 1702 S11E381FE      140                     HOLL3EF      10875 060429.6 00110
31649060426  1702 1733 1702 S11E381FE      140                     HOLL3FE      10875 060429.6 00110
30 1 060427  1547 1653 1550 S11E211NE      233                     HOLL3FZ      10875 060429.2 00120
31649060427  1547 1653 1550 S11E211NE      233                     HOLL3ZF      10875 060429.2 00120
30 1 060428  0822 0839 0822 S07E16SFE       11                     LEAR3FU      10875 060429.5 00130
31403060428  0822 0839 0822 S07E16SFE       11                     LEAR3UF      10875 060429.5 00130
30 1 060429  1834 1839 1834 S05W05SFE       11                     HOLL3F       10875 060429.4 00140
31649060429  1834 1839 1834 S05W05SFE       11                     HOLL3F       10875 060429.4 00140
30 1 060430  0203E0209 0203UN15E71SFE       37                     LEAR3FH       0878 0605 5.5 00150
31403060430  0203E0209 0203UN15E71SFE       37                     LEAR3FH       0878 0605 5.5 00150
30 1 060430  0917 0939 0926 S10E09SFE       42                     LEAR3FU      10876 0605 1.1 00160
31403060430  0917 0939 0926 S10E09SFE       42                     LEAR3UF      10876 0605 1.1 00160
30 1 060501  0156 0203 0159 S11W02SFE       19                     LEAR3FH      10876 060430.9 00010
31403060501  0156 0203 0159 S11W02SFE       19                     LEAR3FH      10876 060430.9 00010
30 1 060501  1532 1547 1543 S17W29SFE       11                     HOLL3EF      10875 060429.5 00020
31649060501  1532 1547 1543 S17W29SFE       11                     HOLL3FE      10875 060429.5 00020
30 1 060501  1552 1603 1555 S11W30SFE       14                     HOLL3F       10875 060429.5 00030
31649060501  1552 1603 1555 S11W30SFE       14                     HOLL3F       10875 060429.5 00030
30 1 060511  2304 2313 2304 S06E00SFE       10                     HOLL3F       10883 060512.0 00040
31649060511  2304 2313 2304 S06E00SFE       10                     HOLL3F       10883 060512.0 00040
30 1 060607  1524 1526 1524 S03E57SFE       17                     HOLL3H       10893 060611.9 00010
31649060607  1524 1526 1524 S03E57SFE       17                     HOLL3H       10893 060611.9 00010*  18=0893                   
30 1 060615  0058E0104 0058 N00W44SFE       15                     HOLL3FH      10893 060611.7 00020
31649060615  0058E0104 0058 N00W44SFE       15                     HOLL3FH      10893 060611.7 00020* - 6=0893                   
30 3 060706  081630942 0823*S11W322N       399                          FHS     10898 0607 3.9 00010
31547060706  0816 1024 0842 S10W302NE                              KANZ2        10898 0607 4.1 00010*  27=0898                   
31403060706  0818 0925 0823 S11W342NE      243                     LEAR3FS      10898 0607 3.8 00010*  36=0898                   
31526060706  0819 0918 0823 S11W322FE      555                     SVTO3FH      10898 0607 3.9 00010*  33=0898                   
30 1 060810  1357 1402 1358 S12E69SFE       40                     HOLL3E       10904 060815.8 00010
31649060810  1357 1402 1358 S12E69SFE       40                     HOLL3E       10904 060815.8 00010*  18=0904                   
30 1 060810  1531 1541 1533 S14E67SFE       38                     HOLL3E       10904 060815.7 00020
31649060810  1531 1541 1533 S14E67SFE       38                     HOLL3E       10904 060815.7 00020*   9=0904                   
30 1 060810  1607 1632 1627 S14E67SFE       17                     HOLL3E       10904 060815.7 00030
31649060810  1607 1632 1627 S14E67SFE       17                     HOLL3E       10904 060815.7 00030*   9=0904                   
30 1 060810  1805 1814 1808 S14E66SFE       40                     HOLL3        10904 060815.7 00040
31649060810  1805 1814 1808 S14E66SFE       40                     HOLL3        10904 060815.7 00040*   9=0904                   
30 1 060810  1852 1910 1901 S14E65SFE       21                     HOLL3E       10904 060815.7 00050
31649060810  1852 1910 1901 S14E65SFE       21                     HOLL3E       10904 060815.7 00050*   9=0904                   
30 1 060810  1958 2007 1958 S12E68SFE       13                     HOLL3        10904 060815.9 00060
31649060810  1958 2007 1958 S12E68SFE       13                     HOLL3        10904 060815.9 00060*  15=0904                   
30 1 060810  2022 2027 2024 S12E68SFE       12                     HOLL3E       10904 060816.0 00070
31649060810  2022 2027 2024 S12E68SFE       12                     HOLL3E       10904 060816.0 00070*  12=0904                   
30 2 060811  0804 0812 08041S14E60SN        40                          HO      10904 060815.9 00080
31827060811  0800E0817 0804 S14E62SBP0801   70        42           KHAR2HO      10904 060816.0 00080*   0=0904                   
31403060811  0804 0807 0805 S14E58SFE       10                     LEAR3        10904 060815.7 00080*   9=0904                   
30 1 060813  0824 0842 0826 N16E43SFP0828   30        21           KHAR2D             060816.6 00090
31827060813  0824 0842 0826 N16E43SFP0828   30        21           KHAR2D             060816.6 00090*                            
30 2 060816  161611619 1617 S14W13SF        10                          F       10904 060815.7 00100
31526060816  1616 1619 1617 S14W13SFE       10                     SVTO3F       10904 060815.7 00100*   9=0904                   
31526060816  1617 1619 1617 S14W13SFE       10                     SVTO3F       10904 060815.7 00100*   9=0904                   
30 1 060820  2107 2111 2109 S13W69SFE       26                     HOLL3EU      10904 060815.7 00110
31649060820  2107 2111 2109 S13W69SFE       26                     HOLL3UE      10904 060815.7 00110*  15=0904                   
30 1 060823  0040 0047 0041 S07E58SFE       35                     HOLL3        10905 060827.4 00120
31649060823  0040 0047 0041 S07E58SFE       35                     HOLL3        10905 060827.4 00120*   9=0905                   
30 1 060825  1057E1110      S09E22SFP                 18           KHAR1EO      10905 060827.1 00130
31827060825  1057E1110      S09E22SFP                 18           KHAR1OE      10905 060827.1 00130*  12=0905                   
30 1 060825  1139 1145 1140 S08E23SFP1142   35        18           KHAR2D       10905 060827.2 00140
31827060825  1139 1145 1140 S08E23SFP1142   35        18           KHAR2D       10905 060827.2 00140*   3=0905                   
30 1 060826  2001 2028 2008 S11E10SFE       40                     HOLL3EF      10905 060827.6 00150
31649060826  2001 2028 2008 S11E10SFE       40                     HOLL3FE      10905 060827.6 00150*  27=0905                   
30 1 060827  1112 1123      S07W15SFP1117   25        21           KHAR2DH      10905 060826.3 00160
31827060827  1112 1123      S07W15SFP1117   25        21           KHAR2HD      10905 060826.3 00160*  36=0905                   
30 1 060827  1209 1215D     S08W07SFP1212   80        21           KHAR2HO      10905 060827.0 00170
31827060827  1209 1215D     S08W07SFP1212   80        21           KHAR2HO      10905 060827.0 00170*   9=0905                   
30 1 060901  1005U1038      S08W60SFP1015  150        18           KHAR2EO      10906 060828.0 00010
31827060901  1005U1038      S08W60SFP1015  150        18           KHAR2OE      10906 060827.9 00010*  12=0906  18=0905          
30 1 060911  2304 2319 2305 S11W03SFE       23                     HOLL3F       10908 060911.7 00020
31649060911  2304 2319 2305 S11W03SFE       23                     HOLL3F       10908 060911.7 00020*  24=0908                   
30 1 060914  2252 2255 2253 S12W44SFE       11                     HOLL3F       10908 060911.6 00030
31649060914  2252 2255 2253 S12W44SFE       11                     HOLL3F       10908 060911.6 00030*  15=0908                   
30 1 060921  2120 2218 2132 S08E10SFE       87                     HOLL3FH      10910 060922.6 00040
31649060921  2120 2218 2132 S08E10SFE       87                     HOLL3FH      10910 060922.6 00040*   6=0910                   
30 1 060921  2250 2257 2253 S09E09SFE       18                     HOLL3H       10910 060922.6 00050
31649060921  2250 2257 2253 S09E09SFE       18                     HOLL3H       10910 060922.6 00050*   0=0910                   
30 1 060922  1349 1427 1353 S10E01SFE       15                     HOLL3E       10910 060922.6 00060
31649060922  1349 1427 1353 S10E01SFE       15                     HOLL3E       10910 060922.6 00060*   6=0910                   
30 1 060922  1544 1554 1545 S09E04SFE       14                     HOLL3EF      10910 060922.9 00070
31649060922  1544 1554 1545 S09E04SFE       14                     HOLL3FE      10910 060922.9 00070*   9=0910                   
30 2 060923  0001 0004 0003 S08W061F       111                          EFH     10910 060922.5 00080
31403060923  0001 0004 0003 S08W08SFE       64                     LEAR3FE      10910 060922.4 00080*  12=0910                   
31649060923  0008E0016D0008US08W041FE      158                     HOLL3FH      10910 060922.7 00080*   9=0910                   
30 1 060924  0455 0501 0457 S08W21SNE       64                     LEAR3EF      10910 060922.6 00090
31403060924  0455 0501 0457 S08W21SNE       64                     LEAR3FE      10910 060922.6 00090*   6=0910                   
30 1 060925  1536 1556 1543 S13W39SFE       11                     HOLL3FH      10910 060922.7 00100
31649060925  1536 1556 1543 S13W39SFE       11                     HOLL3FH      10910 060922.7 00100*  27=0910                   
30 1 060930  1656 1743D1659 S06W55SFE       15                     HOLL2        10915 060926.6 00110
31649060930  1656 1743D1659 S06W55SFE       15                     HOLL2        10915 060926.6 00110*   3=0915                   
30 1 061005  2049 2105 2052 S17W22SFE       53                     HOLL3H       10913 0610 4.2 00010
31649061005  2049 2105 2052 S17W22SFE       53                     HOLL3H       10913 0610 4.2 00010*  18=0913  54=0914          
30 1 061020  1920 1931 1921 S06W16SFE       14                     HOLL3        10917 061019.6 00020
31649061020  1920 1931 1921 S06W16SFE       14                     HOLL3        10917 061019.6 00020*  12=0917                   
30 1 061030  2223 2243 2235 S05E59SFE       13                     HOLL3FH      10921 0611 4.3 00030
31649061030  2223 2243 2235 S05E59SFE       13                     HOLL3FH      10921 0611 4.3 00030*  12=0921                   
30 1 061105  0747 0753 0749 S08W12SFE       26                     SVTO3        10921 0611 4.4 00010
31526061105  0747 0753 0749 S08W12SFE       26                     SVTO3        10921 0611 4.4 00010*  21=0921  60=0922          
30 1 061105  1226 1239 1227 S07W13SFE       16                     SVTO3F       10921 0611 4.5 00020
31526061105  1226 1239 1227 S07W13SFE       16                     SVTO3F       10921 0611 4.5 00020*  18=0921  63=0922          
30 1 061111  1042 1059 1045 S06E29SFE                              KANZ2        10923 061113.6 00030
31547061111  1042 1059 1045 S06E29SFE                              KANZ2        10923 061113.6 00030*  33=0923                   
30 1 061115  1848 1934 1901 S10E29SFE       48                     HOLL3EF      10924 061118.0 00040
31649061115  1848 1934 1901 S10E29SFE       48                     HOLL3FE      10924 061118.0 00040*  15=0924  51=0925          
30 1 061117  1627 1637 1630 S09W47SFE       24                     HOLL3F       10923 061114.1 00050
31649061117  1627 1637 1630 S09W47SFE       24                     HOLL3F       10923 061114.1 00050*  36=0923                   
30 2 061117  223112246 22321S08W50SF        47                          F       10923 061114.2 00060
31403061117  2231 2244 2233 S07W50SFE       65                     LEAR3        10923 061114.2 00060*  21=0923                   
31649061117  2232 2247 2232 S09W51SFE       29                     HOLL3F       10923 061114.1 00060*  36=0923                   
30 1 061118  0816 0831 0822 S05W48SFE       32                     LEAR3F       10923 061114.7 00070
31403061118  0816 0831 0822 S05W48SFE       32                     LEAR3F       10923 061114.7 00070*   6=0923                   
30 1 061118  0927 0933 0928 S06W56SFE       22                     LEAR3        10923 061114.2 00080
31403061118  0927 0933 0928 S06W56SFE       22                     LEAR3        10923 061114.2 00080*  15=0923                   
30 1 061119  2229 2233 2229 S05W74SFE       14                     LEAR3        10923 061114.4 00090
31403061119  2229 2233 2229 S05W74SFE       14                     LEAR3        10923 061114.4 00090*   3=0923                   
30 1 061127  0426 0437 0430 N08E70SFE       15                     LEAR3EF      10927 0612 2.4 00100
31403061127  0426 0437 0430 N08E70SFE       15                     LEAR3FE      10927 0612 2.4 00100*   3=0927                   
30 1 061127  0451 0500 0456 N08E70SFE       14                     LEAR3EF      10927 0612 2.4 00110
31403061127  0451 0500 0456 N08E70SFE       14                     LEAR3FE      10927 0612 2.4 00110*   3=0927                   
30 1 061127  0735 0744 0737 N08E68SFE       15                     LEAR3EF      10927 0612 2.4 00120
31403061127  0735 0744 0737 N08E68SFE       15                     LEAR3FE      10927 0612 2.4 00120*   3=0927                   
30 1 061201  2243 2251 2243 S09W06SFE       14                     LEAR3EF      10926 0612 1.5 00010
31403061201  2243 2251 2243 S09W06SFE       14                     LEAR3FE      10926 0612 1.5 00010
30 1 061202  0022 0053 0049 N09E04SFE       21                     LEAR3E       10926 0612 2.3 00020
31403061202  0022 0053 0049 N09E04SFE       21                     LEAR3E       10926 0612 2.3 00020
30 1 061202  0704 0727 0713 S09W10SFE       38                     LEAR3EF      10926 0612 1.5 00030
31403061202  0704 0727 0713 S09W10SFE       38                     LEAR3FE      10926 0612 1.5 00030
30 1 061202  0706E0728D0715US08W10SFE       30                     SVTO2E       10926 0612 1.5 00040
31526061202  0706E0728D0715US08W10SFE       30                     SVTO2E       10926 0612 1.5 00040
30 2 061202  095811003 1000 N07W02SF        22                          EH      10927 0612 2.3 00050
31547061202  0958 1003 1000 N06W04SFE                              KANZ2        10927 0612 2.1 00050
31403061202  0959 1003 1000 N08E01SFE       22                     LEAR3EH      10927 0612 2.5 00050
30 1 061202  1727 1747 1727 S11W16SFE       11                     HOLL3FH      10926 0612 1.5 00060
31649061202  1727 1747 1727 S11W16SFE       11                     HOLL3FH      10926 0612 1.5 00060
30 2 061202  2202 2225 2202 S08W18SF        18                          FH      10926 0612 1.6 00070
31649061202  2202 2222 2202 S09W18SFE       20                     HOLL3FH      10926 0612 1.6 00070
31403061202  2216E2228 2218US07W18SFE       17                     LEAR3F       10926 0612 1.6 00070
30 1 061203  0321 0337 0324 S08W22SFE       66                     LEAR3EF      10926 0612 1.5 00080
31403061203  0321 0337 0324 S08W22SFE       66                     LEAR3FE      10926 0612 1.5 00080
30 1 061203  0859 0910 0901 S09W24SFE       16                     LEAR3EF      10926 0612 1.6 00090
31403061203  0859 0910 0901 S09W24SFE       16                     LEAR3FE      10926 0612 1.6 00090
30 1 061204  0757 0801 0759 S08W37SFE       14                     LEAR3F       10926 0612 1.5 00100
31403061204  0757 0801 0759 S08W37SFE       14                     LEAR3F       10926 0612 1.5 00100
30 1 061205  0504 0520 0506 S07E90SFE       31                     LEAR3        10930 061211.9 00110
31403061205  0504 0520 0506 S07E90SFE       31                     LEAR3        10930 061211.9 00110
30 1 061205  0522 0531 0527 S07E90SFE       39                     LEAR3        10930 061212.0 00120
31403061205  0522 0531 0527 S07E90SFE       39                     LEAR3        10930 061212.0 00120
30 1 061205  0801 0812 0802 S07E89SFE       65                     LEAR3F       10930 061212.0 00130
31403061205  0801 0812 0802 S07E89SFE       65                     LEAR3F       10930 061212.0 00130
30 1 061205  1028 1100 1038 S07E792NE      464                     SVTO3F       10930 061211.3 00140
31526061205  1028 1100 1038 S07E792NE      464                     SVTO3F       10930 061211.3 00140
30 1 061205  1524 1529 1525 S07E77SFE       12                     HOLL3        10930 061211.4 00150
31649061205  1524 1529 1525 S07E77SFE       12                     HOLL3        10930 061211.4 00150
30 1 061205  1538 1543 1539 S05E76SFE       16                     HOLL3        10930 061211.3 00160
31649061205  1538 1543 1539 S05E76SFE       16                     HOLL3        10930 061211.3 00160
30 1 061205  1903 2305 1957 S05E751FE      150                     HOLL3FH      10930 061211.4 00170
31649061205  1903 2305 1957 S05E751FE      150                     HOLL3FH      10930 061211.4 00170
30 1 061205  2223E2323 2253 S07E75SFE       61                     LEAR3EF      10930 061211.5 00180
31403061205  2223E2323 2253 S07E75SFE       61                     LEAR3FE      10930 061211.5 00180
30 1 061205  2340 2347 2344 S07E71SFE       15                     LEAR3EF      10930 061211.3 00190
31403061205  2340 2347 2344 S07E71SFE       15                     LEAR3FE      10930 061211.3 00190
30 1 061205  2354 2401 2355 S07E71SFE       38                     LEAR3EF      10930 061211.3 00200
31403061205  2354 2401 2355 S07E71SFE       38                     LEAR3FE      10930 061211.3 00200
30 1 061206  0014 0021 0016 S07E68SFE       13                     LEAR3EF      10930 061211.1 00210
31403061206  0014 0021 0016 S07E68SFE       13                     LEAR3FE      10930 061211.1 00210
30 1 061206  0138 0333 0236 S07E69SFE       94                     LEAR3EF      10930 061211.2 00220
31403061206  0138 0333 0236 S07E69SFE       94                     LEAR3FE      10930 061211.2 00220
30 1 061206  0337 0341 0338 S07E69SFE       24                     LEAR3EF      10930 061211.3 00230
31403061206  0337 0341 0338 S07E69SFE       24                     LEAR3FE      10930 061211.3 00230
30 1 061206  0539 0545 0540 S08E70SFE       39                     LEAR3F       10930 061211.5 00240
31403061206  0539 0545 0540 S08E70SFE       39                     LEAR3F       10930 061211.5 00240
30 1 061206  0715 0720 0716 S06E68SFE       30                     LEAR3        10930 061211.4 00250
31403061206  0715 0720 0716 S06E68SFE       30                     LEAR3        10930 061211.4 00250
30 1 061206  0721 0740 0735 S07E67SFE       42                     LEAR3F       10930 061211.3 00260
31403061206  0721 0740 0735 S07E67SFE       42                     LEAR3F       10930 061211.3 00260
30 1 061206  0824E0930 0833US06E632NE                              KANZ2        10930 061211.1 00270
31547061206  0824E0930 0833US06E632NE                              KANZ2        10930 061211.1 00270
30 1 061206  0857E0918 0903US07E66SFE       36                     SVTO2F       10930 061211.3 00280
31526061206  0857E0918 0903US07E66SFE       36                     SVTO2F       10930 061211.3 00280
30 1 061206  0919 0927 0923 S07E66SFE       13                     SVTO3        10930 061211.3 00290
31526061206  0919 0927 0923 S07E66SFE       13                     SVTO3        10930 061211.3 00290
30 1 061206  1818 1827 1818 S07E61SFE       10                     HOLL3        10930 061211.3 00300
31649061206  1818 1827 1818 S07E61SFE       10                     HOLL3        10930 061211.3 00300
30 1 061206  1832 2135 1845 S06E633BE      815                     HOLL3FZ      10930 061211.5 00310
31649061206  1832 2135 1845 S06E633BE      815                     HOLL3ZF      10930 061211.5 00310
30 1 061206  2312 2316 2312 S03E57SFE       18                     HOLL3        10930 061211.2 00320
31649061206  2312 2316 2312 S03E57SFE       18                     HOLL3        10930 061211.2 00320
30 1 061207  0323 0326 0324 S07E56SFE       30                     LEAR3EF      10930 061211.3 00330
31403061207  0323 0326 0324 S07E56SFE       30                     LEAR3FE      10930 061211.3 00330
30 1 061207  0328 0332 0329 S07E56SFE       11                     LEAR3EF      10930 061211.3 00340
31403061207  0328 0332 0329 S07E56SFE       11                     LEAR3FE      10930 061211.3 00340
30 1 061207  0335 0347 0336 S07E56SFE       40                     LEAR3EF      10930 061211.3 00350
31403061207  0335 0347 0336 S07E56SFE       40                     LEAR3FE      10930 061211.3 00350
30 1 061207  0411 0418 0413 S07E55SFE       20                     LEAR3EF      10930 061211.3 00360
31403061207  0411 0418 0413 S07E55SFE       20                     LEAR3FE      10930 061211.3 00360
30 1 061207  0423 0427 0424 S07E55SFE       10                     LEAR3EF      10930 061211.3 00370
31403061207  0423 0427 0424 S07E55SFE       10                     LEAR3FE      10930 061211.3 00370
30 1 061207  0428 0612 0437 S08E551FE      150                     LEAR3EF      10930 061211.3 00380
31403061207  0428 0612 0437 S08E551FE      150                     LEAR3FE      10930 061211.3 00380
30 1 061207  1841 2059 1903 S07E471NE      145                     HOLL3F       10930 061211.3 00390
31649061207  1841 2059 1903 S07E471NE      145                     HOLL3F       10930 061211.3 00390
30 2 061209  225812307 23001S03E18SF        16                                  10930 061211.3 00400
31649061209  2259 2306 2300 S02E18SFE       12                     HOLL3        10930 061211.3 00400
31403061209  2258 2308 2301 S04E18SFE       19                     LEAR3        10930 061211.3 00400
30 1 061210  0518 0532 0523 S03E15SFE       15                     LEAR3E       10930 061211.3 00410
31403061210  0518 0532 0523 S03E15SFE       15                     LEAR3E       10930 061211.3 00410
30 1 061210  0719 0727 0719 S06E13SFE       15                     LEAR3H       10930 061211.3 00420
31403061210  0719 0727 0719 S06E13SFE       15                     LEAR3H       10930 061211.3 00420
30 1 061210  0728 0739 0730 S03E14SFE       29                     LEAR3F       10930 061211.3 00430
31403061210  0728 0739 0730 S03E14SFE       29                     LEAR3F       10930 061211.3 00430
30 1 061211  0104 0110 0105 S08E06SFE       27                     LEAR3F       10930 061211.5 00440
31403061211  0104 0110 0105 S08E06SFE       27                     LEAR3F       10930 061211.5 00440
30 1 061211  0111 0146 0127 S07E01SFE       64                     LEAR3FU      10930 061211.1 00450
31403061211  0111 0146 0127 S07E01SFE       64                     LEAR3UF      10930 061211.1 00450
30 1 061211  0511 0604 0516 S07E031FE      146                     LEAR3EF      10930 061211.4 00460
31403061211  0511 0604 0516 S07E031FE      146                     LEAR3FE      10930 061211.4 00460
30 1 061211  0615 0618 0616 S07E01SFE       18                     LEAR3E       10930 061211.3 00470
31403061211  0615 0618 0616 S07E01SFE       18                     LEAR3E       10930 061211.3 00470
30 1 061211  0817 0838 0818 S07E00SBE       89                     LEAR3EF      10930 061211.3 00480
31403061211  0817 0838 0818 S07E00SBE       89                     LEAR3FE      10930 061211.3 00480
30 1 061211  0940 0946 0940 S07W01SFE       12                     LEAR3F       10930 061211.3 00490
31403061211  0940 0946 0940 S07W01SFE       12                     LEAR3F       10930 061211.3 00490
30 1 061212  0200 0307 0228 S06W10SFE       25                     LEAR3F       10930 061211.3 00500
31403061212  0200 0307 0228 S06W10SFE       25                     LEAR3F       10930 061211.3 00500
30 1 061212  0307 0345 0308 S07W11SFE       34                     LEAR3F       10930 061211.3 00510
31403061212  0307 0345 0308 S07W11SFE       34                     LEAR3F       10930 061211.3 00510
30 1 061212  0742 0755 0751 S09W10SFE       12                     LEAR3        10930 061211.6 00520
31403061212  0742 0755 0751 S09W10SFE       12                     LEAR3        10930 061211.6 00520
30 1 061212  0846 0855 0847 S07W16SFE       13                     LEAR3        10930 061211.2 00530
31403061212  0846 0855 0847 S07W16SFE       13                     LEAR3        10930 061211.2 00530
30 1 061212  2332 2338 2335 S06W222FE      261                     LEAR3F       10930 061211.3 00540
31403061212  2332 2338 2335 S06W222FE      261                     LEAR3F       10930 061211.3 00540
30 1 061213  0220 0618 0234 S06W244BE                              LEAR3EF      10930 061211.3 00550
31403061213  0220 0618 0234 S06W244BE                              LEAR3FE      10930 061211.3 00550
30 1 061213  0619 0625 0619 S06W26SFE       15                     LEAR3EF      10930 061211.3 00560
31403061213  0619 0625 0619 S06W26SFE       15                     LEAR3FE      10930 061211.3 00560
30 1 061213  0626 0634 0631 S08W26SFE       12                     LEAR3EF      10930 061211.3 00570
31403061213  0626 0634 0631 S08W26SFE       12                     LEAR3FE      10930 061211.3 00570
30 1 061213  0643 0703 0643 S06W26SFE       30                     LEAR3EF      10930 061211.3 00580
31403061213  0643 0703 0643 S06W26SFE       30                     LEAR3FE      10930 061211.3 00580
30 1 061213  0704 0712 0704 S06W262FE      556                     LEAR3EF      10930 061211.3 00590
31403061213  0704 0712 0704 S06W262FE      556                     LEAR3FE      10930 061211.3 00590
30 1 061213  1011 1050D1018 S06W28SFE       11                     LEAR1EF      10930 061211.3 00600
31403061213  1011 1050D1018 S06W28SFE       11                     LEAR1FE      10930 061211.3 00600
30 1 061213  1821 1838 1825 S07W31SFE       26                     HOLL3F       10930 061211.4 00610
31649061213  1821 1838 1825 S07W31SFE       26                     HOLL3F       10930 061211.4 00610
30 1 061213  2217 2226 2221 S06W35SFE       13                     LEAR3E       10930 061211.3 00620
31403061213  2217 2226 2221 S06W35SFE       13                     LEAR3E       10930 061211.3 00620
30 1 061214  0056 0102 0057 S06W36SFE       57                     LEAR3E       10930 061211.3 00630
31403061214  0056 0102 0057 S06W36SFE       57                     LEAR3E       10930 061211.3 00630
30 1 061214  1159 1232 1203 S07W37SFE                              KANZ2        10930 061211.7 00640
31547061214  1159 1232 1203 S07W37SFE                              KANZ2        10930 061211.7 00640
30 1 061214  1641 1811 1648 S06W45SFE       58                     HOLL3F       10930 061211.3 00650
31649061214  1641 1811 1648 S06W45SFE       58                     HOLL3F       10930 061211.3 00650
30 1 061214  1856 1905 1857 S06W44SFE       36                     HOLL3F       10930 061211.5 00660
31649061214  1856 1905 1857 S06W44SFE       36                     HOLL3F       10930 061211.5 00660
30 1 061214  1935 1939 1936 S06W47SFE       15                     HOLL3        10930 061211.3 00670
31649061214  1935 1939 1936 S06W47SFE       15                     HOLL3        10930 061211.3 00670
30 1 061214  1941 1948 1942 S06W47SFE       88                     HOLL3F       10930 061211.3 00680
31649061214  1941 1948 1942 S06W47SFE       88                     HOLL3F       10930 061211.3 00680
30 1 061214  1952 2005 1954 S06W47SFE       19                     HOLL3F       10930 061211.3 00690
31649061214  1952 2005 1954 S06W47SFE       19                     HOLL3F       10930 061211.3 00690
30 2 061214  220612411 22114S06W462B       420                          EFZ     10930 061211.5 00700
31403061214  2207 2411 2211 S06W442BE      346                     LEAR3FE      10930 061211.6 00700
31649061214  2206 2238D2215 S06W482BE      495                     HOLL3ZF      10930 061211.3 00700
30 1 061214  2215 2221 2215 S05W31SFE       14                     LEAR3EF            061212.6 00710
31403061214  2215 2221 2215 S05W31SFE       14                     LEAR3FE            061212.6 00710
30 1 061215  0259 0306 0300 S06W51SFE       14                     LEAR3EF      10930 061211.3 00720
31403061215  0259 0306 0300 S06W51SFE       14                     LEAR3FE      10930 061211.3 00720
30 2 061215  075510834 07584S09W48SF        53                          E       10930 061211.7 00730
31547061215  0755 0828 0758 S09W48SFE                              KANZ2        10930 061211.7 00730
31403061215  0756 0841 0802 S09W49SFE       53                     LEAR3E       10930 061211.6 00730
30 2 061215  0848*0922 0909 S08W50SF        20                          EF      10930 061211.6 00740
31547061215  0902 0917 0909 S08W50SFE                              KANZ2        10930 061211.6 00740
31403061215  0848 0926 0909 S09W49SFE       20                     LEAR3FE      10930 061211.7 00740
30 1 061215  1320 1324 1322 S06W59SFE                              KANZ2        10930 061211.1 00750
31547061215  1320 1324 1322 S06W59SFE                              KANZ2        10930 061211.1 00750
30 1 061216  0711 0737 0722 S07W62SFE       24                     LEAR3F       10930 061211.6 00760
31403061216  0711 0737 0722 S07W62SFE       24                     LEAR3F       10930 061211.6 00760
30 1 061216  0830 0852 0831 S07W62SFE       68                     LEAR3F       10930 061211.7 00770
31403061216  0830 0852 0831 S07W62SFE       68                     LEAR3F       10930 061211.7 00770
30 1 061216  0853 0935 0910 S08W67SFE       34                     LEAR3F       10930 061211.3 00780
31403061216  0853 0935 0910 S08W67SFE       34                     LEAR3F       10930 061211.3 00780
30 1 061225  1933 1940 1935 S06E38SFE       13                     HOLL3        10932 061228.6 00790
31649061225  1933 1940 1935 S06E38SFE       13                     HOLL3        10932 061228.6 00790
30 1 061231  0715 0734 0715 S01E75SFE       40                     LEAR3FH      10933 0701 5.9 00800
31403061231  0715 0734 0715 S01E75SFE       40                     LEAR3FH      10933 0701 5.9 00800
